1.0000 0.5814 0.7650 0.4965 0.4626 0.7356 0.3103 0.5771 0.2957 0.6583 0.5047 0.5197 0.3704 0.5122 0.3741 0.6838 0.6427 0.7768 0.7391 0.6953 0.6021 0.4021 0.3803 0.5839 0.6315 0.5851 0.5962 0.6857 0.6688 0.3960 0.6271 0.4988 0.3771 0.2998 0.5891 0.6661 0.4226 0.5315 0.5859 0.6111 0.5864 0.4728 0.6617 0.4733 0.6728 0.4580 0.6785 0.4137 0.9179 0.5924 0.6646 0.1254 0.8060 0.2048 0.6969 0.4050 0.6581 0.3079 0.4326 0.6986 0.6597 0.7107 0.6261 0.7441 0.5434 0.6383 0.6594 0.5998 0.4855 0.5311 0.5645 0.4613 0.6763 0.4838
0.5814 1.0000 0.4887 0.7896 0.4918 0.3293 0.7546 0.5597 0.6141 0.4572 0.7398 0.2977 0.7256 0.5469 0.6926 0.5479 0.7776 0.7144 0.5793 0.5412 0.6823 0.3900 0.5130 0.6128 0.5492 0.4441 0.5861 0.4937 0.4781 0.2580 0.3381 0.5889 0.1527 0.3768 0.4419 0.5699 0.3616 0.4496 0.4408 0.3953 0.5226 0.6814 0.5553 0.6673 0.5341 0.5025 0.4025 0.4182 0.5739 0.9250 0.3116 0.4817 0.4025 0.6303 0.5135 0.7748 0.3832 0.6249 0.2582 0.4965 0.4223 0.5140 0.6170 0.5115 0.4277 0.3513 0.4591 0.4546 0.4144 0.5533 0.4925 0.5789 0.4404 0.6761
0.7650 0.4887 1.0000 0.7044 0.5768 0.9215 0.5220 0.6800 0.3900 0.5711 0.5655 0.4749 0.3578 0.5477 0.4200 0.4884 0.5897 0.6718 0.7744 0.9208 0.8309 0.6768 0.6430 0.5094 0.6448 0.6057 0.6756 0.4489 0.5448 0.3478 0.5517 0.2907 0.2786 0.3551 0.4959 0.5681 0.3971 0.6219 0.4501 0.5426 0.6043 0.5177 0.6117 0.5224 0.5270 0.4481 0.7142 0.5695 0.6036 0.4749 0.6844 0.3086 0.6930 0.3854 0.5896 0.4287 0.6708 0.4692 0.4222 0.7657 0.6321 0.6740 0.5526 0.7030 0.3827 0.4887 0.4451 0.4371 0.2751 0.3465 0.4126 0.3541 0.6592 0.4284
0.4965 0.7896 0.7044 1.0000 0.6026 0.5337 0.8837 0.6128 0.6450 0.3130 0.6163 0.1987 0.5416 0.4643 0.6173 0.3552 0.5927 0.5711 0.5607 0.7009 0.8662 0.6233 0.7343 0.4263 0.4201 0.3209 0.5234 0.2264 0.2705 0.1538 0.2517 0.3454 -0.0593 0.3729 0.3079 0.4131 0.2736 0.4557 0.2765 0.2682 0.4512 0.6208 0.4333 0.6192 0.3601 0.3499 0.4305 0.5045 0.3865 0.7296 0.4073 0.6654 0.3568 0.6793 0.3539 0.5970 0.4088 0.7081 0.2520 0.4986 0.3204 0.3934 0.4726 0.4159 0.2565 0.1723 0.2247 0.1746 0.1887 0.2644 0.2877 0.3424 0.4035 0.4980
0.4626 0.4918 0.5768 0.6026 1.0000 0.5097 0.5114 0.7369 0.7791 0.3465 0.4429 0.2679 0.3463 0.6239 0.6797 0.3840 0.4605 0.4829 0.4405 0.5793 0.5754 0.8249 0.8583 0.3983 0.4054 0.3419 0.4300 0.2345 0.2723 0.1310 0.2110 0.2096 0.0664 0.2835 0.1880 0.3709 0.2830 0.4061 0.2009 0.2261 0.3720 0.4387 0.3479 0.4499 0.2638 0.2495 0.5023 0.6456 0.3839 0.4958 0.3843 0.4139 0.3143 0.4646 0.2771 0.3879 0.3090 0.4711 0.2866 0.3940 0.3623 0.3837 0.3866 0.4122 0.1965 0.1431 0.2349 0.2024 0.1850 0.1886 0.2669 0.2502 0.3326 0.3500
0.7356 0.3293 0.9215 0.5337 0.5097 1.0000 0.4003 0.5360 0.2868 0.6698 0.4758 0.5883 0.2315 0.4470 0.3021 0.5366 0.4648 0.6232 0.7432 0.8330 0.6618 0.5363 0.4772 0.5142 0.6195 0.6458 0.6339 0.5305 0.6279 0.4326 0.5856 0.2070 0.3839 0.3202 0.5269 0.5166 0.4726 0.6157 0.5157 0.5878 0.5314 0.3504 0.5522 0.3932 0.5719 0.4078 0.7399 0.5442 0.5810 0.3392 0.7127 0.2153 0.7227 0.3438 0.5988 0.3614 0.6589 0.3803 0.5666 0.7286 0.7035 0.6831 0.5149 0.6958 0.4490 0.5288 0.5354 0.5011 0.3434 0.2699 0.4431 0.2650 0.6305 0.3347
0.3103 0.7546 0.5220 0.8837 0.5114 0.4003 1.0000 0.4746 0.7226 0.3010 0.6350 0.1972 0.5492 0.3947 0.7025 0.2548 0.5116 0.4326 0.4395 0.5664 0.7324 0.5165 0.6500 0.3640 0.3601 0.3044 0.4616 0.2204 0.2570 0.1811 0.2230 0.2648 -0.0849 0.2885 0.3049 0.3478 0.2781 0.4064 0.2681 0.2548 0.3812 0.5362 0.3811 0.5789 0.3234 0.3357 0.3360 0.5629 0.2357 0.6462 0.2666 0.5667 0.2611 0.7070 0.3150 0.6392 0.3146 0.6883 0.2022 0.4193 0.2940 0.3254 0.3879 0.3195 0.2309 0.1147 0.2238 0.1831 0.1782 0.1895 0.2563 0.2125 0.3297 0.5232
0.5771 0.5597 0.6800 0.6128 0.7369 0.5360 0.4746 1.0000 0.5843 0.4598 0.5774 0.3811 0.5059 0.8554 0.5989 0.3985 0.6420 0.5799 0.5496 0.6992 0.7263 0.7522 0.7681 0.5359 0.5592 0.4813 0.6105 0.3232 0.3668 0.1976 0.3563 0.4185 0.2005 0.3634 0.3244 0.5585 0.3298 0.5557 0.3057 0.3766 0.6408 0.6494 0.6254 0.6136 0.3752 0.4170 0.5640 0.4966 0.4899 0.5029 0.5041 0.3274 0.5253 0.3541 0.5282 0.4366 0.5653 0.5252 0.1967 0.5959 0.4689 0.5518 0.5690 0.5643 0.3373 0.3567 0.3350 0.3351 0.2493 0.4687 0.4163 0.4791 0.6096 0.4741
0.2957 0.6141 0.3900 0.6450 0.7791 0.2868 0.7226 0.5843 1.0000 0.2309 0.5457 0.1039 0.5148 0.4936 0.8708 0.2276 0.4309 0.4003 0.3131 0.4437 0.5450 0.6766 0.7730 0.2899 0.3113 0.2058 0.3393 0.1427 0.1494 0.0547 0.0808 0.2088 -0.0887 0.2154 0.1346 0.2679 0.1851 0.2667 0.1361 0.1188 0.2697 0.4072 0.2532 0.4582 0.1953 0.2083 0.3369 0.6043 0.2544 0.5326 0.1966 0.4138 0.1781 0.5740 0.1932 0.4650 0.1975 0.5369 0.1245 0.2416 0.2211 0.2491 0.3082 0.2602 0.1198 0.0208 0.1567 0.1347 0.0843 0.1312 0.1593 0.1497 0.1821 0.4546
0.6583 0.4572 0.5711 0.3130 0.3465 0.6698 0.3010 0.4598 0.2309 1.0000 0.6041 0.8795 0.4501 0.6011 0.3372 0.7252 0.5803 0.5962 0.5626 0.5935 0.4195 0.1734 0.1863 0.7884 0.7146 0.8049 0.7103 0.7459 0.7666 0.5533 0.6157 0.4825 0.6238 0.3229 0.6339 0.6670 0.5430 0.6117 0.6455 0.6590 0.6355 0.4470 0.7371 0.4891 0.7866 0.5918 0.6284 0.3884 0.6139 0.4354 0.4830 0.0419 0.7757 0.3301 0.8266 0.5725 0.6441 0.3660 0.4823 0.6022 0.8373 0.7915 0.6943 0.7308 0.6465 0.6664 0.7651 0.7230 0.6107 0.5050 0.6862 0.4840 0.6837 0.4847
0.5047 0.7398 0.5655 0.6163 0.4429 0.4758 0.6350 0.5774 0.5457 0.6041 1.0000 0.4235 0.9130 0.5649 0.7566 0.4975 0.8141 0.5791 0.5225 0.6286 0.6709 0.4010 0.4795 0.6693 0.7974 0.6333 0.7202 0.5095 0.5571 0.3868 0.4542 0.5691 0.3801 0.4587 0.5042 0.6282 0.4135 0.5942 0.4829 0.5134 0.6147 0.6591 0.6681 0.6917 0.5889 0.5966 0.5051 0.4803 0.4300 0.5644 0.3407 0.2391 0.5416 0.5452 0.6799 0.7221 0.5266 0.6030 0.2418 0.6168 0.5966 0.6708 0.7019 0.7043 0.4720 0.4998 0.5215 0.5801 0.3653 0.5141 0.5323 0.5435 0.5572 0.7568
0.5197 0.2977 0.4749 0.1987 0.2679 0.5883 0.1972 0.3811 0.1039 0.8795 0.4235 1.0000 0.2728 0.5753 0.1365 0.6210 0.4012 0.4840 0.4444 0.5177 0.3320 0.0801 0.1010 0.6900 0.5469 0.7647 0.6454 0.6766 0.6893 0.5502 0.5946 0.4034 0.5868 0.2235 0.5762 0.5653 0.5294 0.4806 0.5909 0.5615 0.5299 0.3145 0.6233 0.3778 0.6811 0.5033 0.4567 0.2643 0.4918 0.3059 0.3189 -0.0679 0.6330 0.2032 0.7226 0.4429 0.5993 0.2860 0.4814 0.4732 0.7715 0.7106 0.5645 0.5934 0.5227 0.5482 0.6964 0.6441 0.5607 0.3681 0.6235 0.3663 0.6220 0.3374
0.3704 0.7256 0.3578 0.5416 0.3463 0.2315 0.5492 0.5059 0.5148 0.4501 0.9130 0.2728 1.0000 0.5151 0.7392 0.3931 0.7447 0.4971 0.3278 0.4455 0.5487 0.2569 0.3760 0.5691 0.6504 0.4723 0.5905 0.4132 0.4095 0.3075 0.3131 0.5922 0.2917 0.4172 0.3855 0.5409 0.2970 0.4637 0.3728 0.3809 0.4900 0.6210 0.5433 0.6431 0.4690 0.5271 0.3561 0.3323 0.3270 0.5433 0.1488 0.2192 0.3539 0.4689 0.5228 0.6538 0.3913 0.5641 0.1156 0.4380 0.4246 0.5234 0.6341 0.5326 0.3835 0.3512 0.4132 0.4739 0.2841 0.5186 0.4145 0.5725 0.4063 0.7211
0.5122 0.5469 0.5477 0.4643 0.6239 0.4470 0.3947 0.8554 0.4936 0.6011 0.5649 0.5753 0.5151 1.0000 0.5513 0.5104 0.6363 0.5815 0.4856 0.6416 0.6165 0.5768 0.6100 0.6826 0.6007 0.6269 0.6800 0.4621 0.4715 0.2870 0.4094 0.5273 0.4121 0.4001 0.4355 0.6247 0.3961 0.5213 0.4422 0.4957 0.6526 0.5934 0.6777 0.5525 0.4879 0.5230 0.5842 0.4601 0.4811 0.4961 0.3674 0.1603 0.5099 0.2802 0.6163 0.4782 0.5362 0.4212 0.2359 0.5431 0.5755 0.6263 0.6309 0.5798 0.3932 0.3782 0.4744 0.4772 0.4253 0.5650 0.5894 0.5653 0.6851 0.4790
0.3741 0.6926 0.4200 0.6173 0.6797 0.3021 0.7025 0.5989 0.8708 0.3372 0.7566 0.1365 0.7392 0.5513 1.0000 0.3255 0.6299 0.4542 0.3621 0.5075 0.5911 0.6018 0.6996 0.4279 0.5399 0.3620 0.4671 0.2883 0.2863 0.1665 0.2102 0.3951 0.1192 0.3548 0.2997 0.4423 0.2418 0.3576 0.3013 0.3117 0.4056 0.5220 0.4200 0.5444 0.3493 0.3813 0.4368 0.6227 0.3343 0.5575 0.2295 0.3103 0.2905 0.5250 0.3715 0.5632 0.2705 0.5140 0.1067 0.3598 0.3555 0.4056 0.4807 0.4568 0.2836 0.2220 0.2938 0.3232 0.1939 0.3409 0.3295 0.3526 0.3496 0.6621
0.6838 0.5479 0.4884 0.3552 0.3840 0.5366 0.2548 0.3985 0.2276 0.7252 0.4975 0.6210 0.3931 0.5104 0.3255 1.0000 0.7145 0.6756 0.6182 0.5193 0.3998 0.2055 0.2405 0.8646 0.7167 0.7555 0.7047 0.7946 0.7909 0.4923 0.5943 0.5738 0.6229 0.4660 0.6436 0.6669 0.5646 0.5296 0.7102 0.6767 0.5523 0.4120 0.6173 0.3967 0.7385 0.5222 0.5868 0.3515 0.7640 0.6210 0.4012 0.0894 0.6203 0.3177 0.7145 0.5874 0.4853 0.2923 0.5608 0.5506 0.7588 0.7688 0.7110 0.7386 0.6142 0.6153 0.7583 0.6841 0.8535 0.6762 0.7947 0.6224 0.5955 0.4889
0.6427 0.7776 0.5897 0.5927 0.4605 0.4648 0.5116 0.6420 0.4309 0.5803 0.8141 0.4012 0.7447 0.6363 0.6299 0.7145 1.0000 0.6882 0.6552 0.6305 0.6854 0.4251 0.4871 0.8073 0.8541 0.6952 0.7834 0.6042 0.6433 0.3733 0.5029 0.6641 0.4284 0.5337 0.5593 0.7117 0.4410 0.6224 0.5623 0.6002 0.6885 0.7312 0.7281 0.6781 0.6376 0.6425 0.5577 0.4443 0.6369 0.7178 0.4319 0.2624 0.5735 0.4197 0.7144 0.7352 0.4961 0.4873 0.2758 0.6785 0.6329 0.7458 0.7697 0.7736 0.5491 0.5887 0.5986 0.6319 0.5790 0.7844 0.6749 0.7587 0.6258 0.7153
0.7768 0.7144 0.6718 0.5711 0.4829 0.6232 0.4326 0.5799 0.4003 0.5962 0.5791 0.4840 0.4971 0.5815 0.4542 0.6756 0.6882 1.0000 0.8354 0.7027 0.6590 0.3895 0.4173 0.6534 0.5930 0.6180 0.6894 0.7220 0.7135 0.4714 0.5703 0.5577 0.4171 0.4426 0.5921 0.6184 0.5223 0.5576 0.6156 0.6271 0.5649 0.5110 0.5914 0.5395 0.6455 0.5437 0.6327 0.4534 0.7555 0.7284 0.5103 0.2693 0.5893 0.4432 0.6016 0.6291 0.5682 0.4739 0.6170 0.6843 0.6383 0.7090 0.6608 0.6329 0.5428 0.4978 0.7030 0.6924 0.5009 0.5921 0.5746 0.6213 0.5789 0.5656
0.7391 0.5793 0.7744 0.5607 0.4405 0.7432 0.4395 0.5496 0.3131 0.5626 0.5225 0.4444 0.3278 0.4856 0.3621 0.6182 0.6552 0.8354 1.0000 0.7578 0.6798 0.4902 0.4491 0.5780 0.6305 0.6166 0.6664 0.6238 0.6977 0.4293 0.5886 0.3579 0.3578 0.3915 0.5434 0.5390 0.4649 0.5824 0.5610 0.6158 0.5707 0.4528 0.5848 0.4420 0.5650 0.4342 0.6756 0.4841 0.7112 0.6139 0.6699 0.2999 0.6645 0.4016 0.5978 0.5077 0.5785 0.3814 0.5933 0.7890 0.6495 0.6977 0.5488 0.6712 0.5183 0.5610 0.6207 0.6111 0.4722 0.5087 0.5494 0.4611 0.6366 0.4258
0.6953 0.5412 0.9208 0.7009 0.5793 0.8330 0.5664 0.6992 0.4437 0.5935 0.6286 0.5177 0.4455 0.6416 0.5075 0.5193 0.6305 0.7027 0.7578 1.0000 0.8682 0.6878 0.6725 0.5601 0.6672 0.6979 0.7583 0.5257 0.5976 0.4608 0.6144 0.3663 0.3719 0.3898 0.5724 0.6303 0.4519 0.6014 0.5304 0.6057 0.6294 0.5318 0.6532 0.5386 0.5715 0.5170 0.7025 0.5894 0.5840 0.5296 0.5586 0.2609 0.6439 0.4103 0.6083 0.4903 0.6951 0.5086 0.4552 0.7401 0.7128 0.7399 0.6248 0.7102 0.4400 0.4792 0.5070 0.5054 0.3482 0.4154 0.4775 0.4425 0.7439 0.5289
0.6021 0.6823 0.8309 0.8662 0.5754 0.6618 0.7324 0.7263 0.5450 0.4195 0.6709 0.3320 0.5487 0.6165 0.5911 0.3998 0.6854 0.6590 0.6798 0.8682 1.0000 0.6714 0.7322 0.5192 0.5743 0.5354 0.7263 0.3666 0.4259 0.3186 0.4940 0.4501 0.1586 0.4254 0.4547 0.5627 0.3740 0.5788 0.3951 0.4623 0.6232 0.6778 0.6118 0.6591 0.4508 0.5037 0.5691 0.5409 0.4807 0.6121 0.5251 0.4679 0.5290 0.5037 0.5221 0.5639 0.6019 0.6349 0.3235 0.7033 0.4980 0.6063 0.5789 0.5830 0.3340 0.3675 0.3649 0.3665 0.2296 0.4152 0.3970 0.4788 0.6248 0.5940
0.4021 0.3900 0.6768 0.6233 0.8249 0.5363 0.5165 0.7522 0.6766 0.1734 0.4010 0.0801 0.2569 0.5768 0.6018 0.2055 0.4251 0.3895 0.4902 0.6878 0.6714 1.0000 0.9500 0.2314 0.3839 0.2577 0.3783 0.0586 0.1460 0.0150 0.1556 0.0593 -0.0249 0.2445 0.1148 0.2758 0.1455 0.3582 0.0958 0.1880 0.3515 0.3826 0.2980 0.3724 0.1146 0.1604 0.5184 0.6361 0.3079 0.3804 0.4615 0.4036 0.3125 0.4063 0.2060 0.2441 0.3162 0.4071 0.1568 0.4494 0.2746 0.3058 0.2885 0.3882 0.0566 0.0928 0.0595 0.0601 0.0382 0.1388 0.1519 0.1368 0.3721 0.2602
0.3803 0.5130 0.6430 0.7343 0.8583 0.4772 0.6500 0.7681 0.7730 0.1863 0.4795 0.1010 0.3760 0.6100 0.6996 0.2405 0.4871 0.4173 0.4491 0.6725 0.7322 0.9500 1.0000 0.2992 0.3948 0.2767 0.4401 0.0775 0.1521 0.0262 0.1508 0.1499 -0.0620 0.2876 0.1544 0.3215 0.1877 0.3852 0.1246 0.1928 0.3872 0.4717 0.3333 0.4680 0.1499 0.2211 0.4715 0.6582 0.2906 0.4780 0.3885 0.4736 0.2759 0.4908 0.2207 0.3581 0.3165 0.5134 0.1455 0.4273 0.2670 0.3129 0.3337 0.3720 0.0594 0.0412 0.0703 0.0665 0.0823 0.1787 0.1964 0.1987 0.3590 0.3489
0.5839 0.6128 0.5094 0.4263 0.3983 0.5142 0.3640 0.5359 0.2899 0.7884 0.6693 0.6900 0.5691 0.6826 0.4279 0.8646 0.8073 0.6534 0.5780 0.5601 0.5192 0.2314 0.2992 1.0000 0.8262 0.8424 0.8346 0.7306 0.7555 0.4921 0.5662 0.6660 0.6524 0.5581 0.6322 0.7238 0.5830 0.6452 0.6675 0.6850 0.6745 0.6063 0.7320 0.5843 0.7494 0.6690 0.5713 0.3942 0.6118 0.6012 0.3926 0.1664 0.6142 0.4126 0.7852 0.7313 0.5262 0.4375 0.4522 0.6143 0.7664 0.8093 0.8047 0.7685 0.6408 0.6366 0.7298 0.7120 0.7438 0.7148 0.8002 0.7282 0.6343 0.6067
0.6315 0.5492 0.6448 0.4201 0.4054 0.6195 0.3601 0.5592 0.3113 0.7146 0.7974 0.5469 0.6504 0.6007 0.5399 0.7167 0.8541 0.5930 0.6305 0.6672 0.5743 0.3839 0.3948 0.8262 1.0000 0.8294 0.8013 0.6206 0.7043 0.4087 0.5631 0.5634 0.6184 0.5184 0.6075 0.7137 0.4735 0.6302 0.6178 0.6904 0.6830 0.5743 0.7424 0.5324 0.6858 0.6188 0.6296 0.4222 0.5878 0.4699 0.4630 0.0550 0.6746 0.3014 0.7725 0.5980 0.5501 0.3467 0.3019 0.7030 0.7726 0.8241 0.7344 0.8823 0.5497 0.6849 0.6545 0.7039 0.5926 0.6561 0.7268 0.6030 0.6711 0.6006
0.5851 0.4441 0.6057 0.3209 0.3419 0.6458 0.3044 0.4813 0.2058 0.8049 0.6333 0.7647 0.4723 0.6269 0.3620 0.7555 0.6952 0.6180 0.6166 0.6979 0.5354 0.2577 0.2767 0.8424 0.8294 1.0000 0.9170 0.7972 0.8487 0.6666 0.7455 0.5363 0.7062 0.4182 0.7362 0.7456 0.6627 0.6587 0.7376 0.7630 0.6778 0.4852 0.7408 0.4873 0.7694 0.6628 0.6103 0.3953 0.5580 0.4254 0.3843 -0.0337 0.6521 0.2434 0.7836 0.5847 0.6339 0.3342 0.5358 0.6821 0.9071 0.8940 0.7415 0.8028 0.6083 0.6721 0.7568 0.7735 0.6812 0.6054 0.7574 0.6033 0.7410 0.5639
0.5962 0.5861 0.6756 0.5234 0.4300 0.6339 0.4616 0.6105 0.3393 0.7103 0.7202 0.6454 0.5905 0.6800 0.4671 0.7047 0.7834 0.6894 0.6664 0.7583 0.7263 0.3783 0.4401 0.8346 0.8013 0.9170 1.0000 0.7264 0.7976 0.6155 0.7260 0.5890 0.5769 0.4686 0.6956 0.7574 0.6596 0.7233 0.6683 0.7094 0.7265 0.6385 0.7601 0.6367 0.7120 0.6944 0.5999 0.4423 0.5471 0.5467 0.4256 0.1554 0.6194 0.3811 0.7522 0.6830 0.6783 0.5236 0.5145 0.7434 0.8050 0.8626 0.7816 0.7808 0.5864 0.6239 0.6654 0.7009 0.5891 0.6535 0.6903 0.6942 0.7159 0.6663
0.6857 0.4937 0.4489 0.2264 0.2345 0.5305 0.2204 0.3232 0.1427 0.7459 0.5095 0.6766 0.4132 0.4621 0.2883 0.7946 0.6042 0.7220 0.6238 0.5257 0.3666 0.0586 0.0775 0.7306 0.6206 0.7972 0.7264 1.0000 0.9426 0.7676 0.7806 0.5694 0.6707 0.3640 0.7662 0.7021 0.6953 0.5840 0.7815 0.7506 0.5444 0.3632 0.6308 0.4290 0.7761 0.5788 0.5697 0.3480 0.7254 0.5257 0.3571 -0.0788 0.6489 0.2462 0.7172 0.5738 0.6026 0.3034 0.6875 0.6344 0.8040 0.7937 0.7099 0.6950 0.6696 0.6523 0.8618 0.8351 0.7040 0.6242 0.6960 0.6003 0.6465 0.5732
0.6688 0.4781 0.5448 0.2705 0.2723 0.6279 0.2570 0.3668 0.1494 0.7666 0.5571 0.6893 0.4095 0.4715 0.2863 0.7909 0.6433 0.7135 0.6977 0.5976 0.4259 0.1460 0.1521 0.7555 0.7043 0.8487 0.7976 0.9426 1.0000 0.7241 0.7845 0.4849 0.6712 0.3533 0.7537 0.7029 0.7022 0.6479 0.7692 0.7717 0.5851 0.3799 0.6564 0.4356 0.7574 0.5907 0.6041 0.3840 0.6765 0.5057 0.4287 -0.0494 0.6777 0.2916 0.7430 0.6106 0.6331 0.3227 0.6768 0.7005 0.8284 0.8231 0.6907 0.7464 0.6291 0.6679 0.8181 0.8423 0.6866 0.6179 0.6944 0.5815 0.6520 0.5419
0.3960 0.2580 0.3478 0.1538 0.1310 0.4326 0.1811 0.1976 0.0547 0.5533 0.3868 0.5502 0.3075 0.2870 0.1665 0.4923 0.3733 0.4714 0.4293 0.4608 0.3186 0.0150 0.0262 0.4921 0.4087 0.6666 0.6155 0.7676 0.7241 1.0000 0.8251 0.4454 0.5914 0.3212 0.6702 0.5420 0.7063 0.5589 0.6361 0.5985 0.3963 0.2662 0.4730 0.3999 0.6157 0.5064 0.4731 0.3096 0.3896 0.2903 0.2010 -0.0649 0.4289 0.2098 0.4930 0.4257 0.5798 0.3666 0.7049 0.5537 0.6988 0.6547 0.5691 0.5095 0.5880 0.5256 0.7011 0.6774 0.4263 0.3582 0.4514 0.4622 0.5540 0.5255
0.6271 0.3381 0.5517 0.2517 0.2110 0.5856 0.2230 0.3563 0.0808 0.6157 0.4542 0.5946 0.3131 0.4094 0.2102 0.5943 0.5029 0.5703 0.5886 0.6144 0.4940 0.1556 0.1508 0.5662 0.5631 0.7455 0.7260 0.7806 0.7845 0.8251 1.0000 0.5344 0.6112 0.2820 0.7763 0.7159 0.6991 0.6404 0.7344 0.7463 0.5903 0.3957 0.6854 0.4617 0.7033 0.5881 0.5998 0.3667 0.6023 0.3423 0.4055 -0.1249 0.6327 0.0923 0.6628 0.4134 0.7545 0.3373 0.6294 0.7566 0.7636 0.7828 0.6137 0.6823 0.5842 0.6931 0.7315 0.7157 0.5039 0.5178 0.5985 0.5195 0.7371 0.6008
0.4988 0.5889 0.2907 0.3454 0.2096 0.2070 0.2648 0.4185 0.2088 0.4825 0.5691 0.4034 0.5922 0.5273 0.3951 0.5738 0.6641 0.5577 0.3579 0.3663 0.4501 0.0593 0.1499 0.6660 0.5634 0.5363 0.5890 0.5694 0.4849 0.4454 0.5344 1.0000 0.5543 0.6051 0.5964 0.6777 0.4891 0.4560 0.6118 0.5529 0.5921 0.6138 0.6360 0.6053 0.6459 0.6036 0.3931 0.1743 0.5112 0.5286 0.1891 0.0912 0.4139 0.1911 0.5942 0.5309 0.4873 0.4298 0.3130 0.5019 0.5086 0.6280 0.6911 0.5762 0.5102 0.5516 0.6134 0.5822 0.4783 0.6571 0.6410 0.7196 0.5455 0.7013
0.3771 0.1527 0.2786 -0.0593 0.0664 0.3839 -0.0849 0.2005 -0.0887 0.6238 0.3801 0.5868 0.2917 0.4121 0.1192 0.6229 0.4284 0.4171 0.3578 0.3719 0.1586 -0.0249 -0.0620 0.6524 0.6184 0.7062 0.5769 0.6707 0.6712 0.5914 0.6112 0.5543 1.0000 0.5046 0.5771 0.5678 0.4924 0.4210 0.6230 0.6756 0.4351 0.1884 0.5106 0.2201 0.6117 0.5365 0.5122 0.1987 0.4348 0.1825 0.1990 -0.2617 0.4717 0.0819 0.5684 0.3635 0.4076 0.0898 0.4854 0.4638 0.7106 0.7070 0.5867 0.6274 0.5145 0.6067 0.7091 0.7502 0.5536 0.5150 0.6150 0.5317 0.5161 0.4216
0.2998 0.3768 0.3551 0.3729 0.2835 0.3202 0.2885 0.3634 0.2154 0.3229 0.4587 0.2235 0.4172 0.4001 0.3548 0.4660 0.5337 0.4426 0.3915 0.3898 0.4254 0.2445 0.2876 0.5581 0.5184 0.4182 0.4686 0.3640 0.3533 0.3212 0.2820 0.6051 0.5046 1.0000 0.3523 0.3583 0.3470 0.3831 0.4182 0.4432 0.3674 0.3751 0.3425 0.3658 0.3891 0.3526 0.4574 0.3645 0.3130 0.3577 0.2368 0.2493 0.2541 0.3420 0.3591 0.4350 0.2538 0.3476 0.3744 0.4346 0.4135 0.4863 0.5394 0.4888 0.3766 0.3522 0.4735 0.4444 0.3669 0.3996 0.4985 0.4947 0.3635 0.4233
0.5891 0.4419 0.4959 0.3079 0.1880 0.5269 0.3049 0.3244 0.1346 0.6339 0.5042 0.5762 0.3855 0.4355 0.2997 0.6436 0.5593 0.5921 0.5434 0.5724 0.4547 0.1148 0.1544 0.6322 0.6075 0.7362 0.6956 0.7662 0.7537 0.6702 0.7763 0.5964 0.5771 0.3523 1.0000 0.8823 0.8084 0.6955 0.9372 0.9113 0.7272 0.5199 0.7743 0.5525 0.8457 0.7289 0.6283 0.4301 0.5634 0.4261 0.3448 -0.0776 0.5593 0.1588 0.6780 0.5150 0.6231 0.3384 0.5676 0.6723 0.7186 0.7166 0.6584 0.6666 0.5962 0.6270 0.6868 0.6702 0.6027 0.5947 0.7022 0.6115 0.7342 0.6571
0.6661 0.5699 0.5681 0.4131 0.3709 0.5166 0.3478 0.5585 0.2679 0.6670 0.6282 0.5653 0.5409 0.6247 0.4423 0.6669 0.7117 0.6184 0.5390 0.6303 0.5627 0.2758 0.3215 0.7238 0.7137 0.7456 0.7574 0.7021 0.7029 0.5420 0.7159 0.6777 0.5678 0.3583 0.8823 1.0000 0.7081 0.7528 0.8136 0.8453 0.8385 0.7151 0.8849 0.6959 0.8109 0.7788 0.6248 0.4356 0.6063 0.5231 0.3897 -0.0105 0.6096 0.1874 0.7412 0.5815 0.6524 0.4130 0.3840 0.7159 0.7002 0.7534 0.7527 0.7471 0.5981 0.6697 0.6256 0.6424 0.5897 0.7247 0.7101 0.7314 0.7727 0.7303
0.4226 0.3616 0.3971 0.2736 0.2830 0.4726 0.2781 0.3298 0.1851 0.5430 0.4135 0.5294 0.2970 0.3961 0.2418 0.5646 0.4410 0.5223 0.4649 0.4519 0.3740 0.1455 0.1877 0.5830 0.4735 0.6627 0.6596 0.6953 0.7022 0.7063 0.6991 0.4891 0.4924 0.3470 0.8084 0.7081 1.0000 0.7755 0.7759 0.7166 0.6766 0.5002 0.6153 0.5652 0.7065 0.5827 0.5050 0.3439 0.3879 0.3754 0.3486 0.0942 0.4199 0.3107 0.5129 0.5435 0.5853 0.4784 0.7285 0.6094 0.6105 0.6047 0.5887 0.5388 0.5213 0.4963 0.5871 0.5646 0.4840 0.4063 0.5470 0.5350 0.5287 0.5399
0.5315 0.4496 0.6219 0.4557 0.4061 0.6157 0.4064 0.5557 0.2667 0.6117 0.5942 0.4806 0.4637 0.5213 0.3576 0.5296 0.6224 0.5576 0.5824 0.6014 0.5788 0.3582 0.3852 0.6452 0.6302 0.6587 0.7233 0.5840 0.6479 0.5589 0.6404 0.4560 0.4210 0.3831 0.6955 0.7528 0.7755 1.0000 0.6008 0.7005 0.8227 0.7623 0.7720 0.7898 0.6398 0.6987 0.6668 0.5322 0.4124 0.4000 0.5882 0.2983 0.5913 0.4201 0.5997 0.6055 0.6662 0.6068 0.5486 0.8308 0.6006 0.6508 0.6584 0.6463 0.5114 0.5536 0.4926 0.5135 0.4064 0.5207 0.5088 0.5972 0.6157 0.5968
0.5859 0.4408 0.4501 0.2765 0.2009 0.5157 0.2681 0.3057 0.1361 0.6455 0.4829 0.5909 0.3728 0.4422 0.3013 0.7102 0.5623 0.6156 0.5610 0.5304 0.3951 0.0958 0.1246 0.6675 0.6178 0.7376 0.6683 0.7815 0.7692 0.6361 0.7344 0.6118 0.6230 0.4182 0.9372 0.8136 0.7759 0.6008 1.0000 0.9072 0.6494 0.4154 0.7049 0.4455 0.8526 0.6462 0.6416 0.3805 0.6048 0.4445 0.3285 -0.0874 0.5460 0.1631 0.6759 0.4973 0.5619 0.2756 0.6157 0.6051 0.7368 0.7256 0.6440 0.6625 0.6049 0.6189 0.7523 0.7084 0.6769 0.5947 0.7635 0.6056 0.7123 0.5988
0.6111 0.3953 0.5426 0.2682 0.2261 0.5878 0.2548 0.3766 0.1188 0.6590 0.5134 0.5615 0.3809 0.4957 0.3117 0.6767 0.6002 0.6271 0.6158 0.6057 0.4623 0.1880 0.1928 0.6850 0.6904 0.7630 0.7094 0.7506 0.7717 0.5985 0.7463 0.5529 0.6756 0.4432 0.9113 0.8453 0.7166 0.7005 0.9072 1.0000 0.7262 0.4846 0.7756 0.4873 0.8066 0.7443 0.7277 0.5096 0.6013 0.3834 0.4313 -0.0869 0.6118 0.1616 0.6954 0.5052 0.5995 0.2599 0.5604 0.7295 0.7437 0.7607 0.6562 0.7198 0.5777 0.6572 0.7221 0.7223 0.6223 0.6498 0.7383 0.6284 0.7492 0.6096
0.5864 0.5226 0.6043 0.4512 0.3720 0.5314 0.3812 0.6408 0.2697 0.6355 0.6147 0.5299 0.4900 0.6526 0.4056 0.5523 0.6885 0.5649 0.5707 0.6294 0.6232 0.3515 0.3872 0.6745 0.6830 0.6778 0.7265 0.5444 0.5851 0.3963 0.5903 0.5921 0.4351 0.3674 0.7272 0.8385 0.6766 0.8227 0.6494 0.7262 1.0000 0.8293 0.9331 0.7531 0.6905 0.7166 0.5793 0.3991 0.5043 0.4557 0.5691 0.1880 0.6623 0.2736 0.7308 0.5677 0.6941 0.4808 0.3442 0.7663 0.6074 0.6910 0.6672 0.6963 0.5013 0.6248 0.4803 0.4872 0.4639 0.6154 0.6355 0.6333 0.7492 0.6154
0.4728 0.6814 0.5177 0.6208 0.4387 0.3504 0.5362 0.6494 0.4072 0.4470 0.6591 0.3145 0.6210 0.5934 0.5220 0.4120 0.7312 0.5110 0.4528 0.5318 0.6778 0.3826 0.4717 0.6063 0.5743 0.4852 0.6385 0.3632 0.3799 0.2662 0.3957 0.6138 0.1884 0.3751 0.5199 0.7151 0.5002 0.7623 0.4154 0.4846 0.8293 1.0000 0.7639 0.9137 0.5267 0.6985 0.4273 0.4146 0.3594 0.5960 0.4425 0.4913 0.4278 0.4605 0.5258 0.6607 0.5208 0.6898 0.1908 0.6597 0.3884 0.5315 0.6494 0.5467 0.4303 0.4720 0.2959 0.3232 0.3023 0.5876 0.4471 0.6783 0.5342 0.6907
0.6617 0.5553 0.6117 0.4333 0.3479 0.5522 0.3811 0.6254 0.2532 0.7371 0.6681 0.6233 0.5433 0.6777 0.4200 0.6173 0.7281 0.5914 0.5848 0.6532 0.6118 0.2980 0.3333 0.7320 0.7424 0.7408 0.7601 0.6308 0.6564 0.4730 0.6854 0.6360 0.5106 0.3425 0.7743 0.8849 0.6153 0.7720 0.7049 0.7756 0.9331 0.7639 1.0000 0.7176 0.7702 0.7545 0.6275 0.4153 0.6002 0.4738 0.5251 0.0540 0.7457 0.2039 0.8429 0.5721 0.7496 0.4177 0.3114 0.7697 0.7075 0.7688 0.7257 0.7662 0.6007 0.7083 0.6053 0.6018 0.5466 0.6862 0.7289 0.6600 0.8421 0.6628
0.4733 0.6673 0.5224 0.6192 0.4499 0.3932 0.5789 0.6136 0.4582 0.4891 0.6917 0.3778 0.6431 0.5525 0.5444 0.3967 0.6781 0.5395 0.4420 0.5386 0.6591 0.3724 0.4680 0.5843 0.5324 0.4873 0.6367 0.4290 0.4356 0.3999 0.4617 0.6053 0.2201 0.3658 0.5525 0.6959 0.5652 0.7898 0.4455 0.4873 0.7531 0.9137 0.7176 1.0000 0.5531 0.7362 0.4679 0.4930 0.3479 0.5754 0.4176 0.4694 0.4301 0.5494 0.5177 0.7004 0.5681 0.7972 0.3217 0.6691 0.4210 0.5323 0.6533 0.5291 0.4355 0.4504 0.3614 0.3921 0.2697 0.5179 0.4023 0.6354 0.4926 0.7543
0.6728 0.5341 0.5270 0.3601 0.2638 0.5719 0.3234 0.3752 0.1953 0.7866 0.5889 0.6811 0.4690 0.4879 0.3493 0.7385 0.6376 0.6455 0.5650 0.5715 0.4508 0.1146 0.1499 0.7494 0.6858 0.7694 0.7120 0.7761 0.7574 0.6157 0.7033 0.6459 0.6117 0.3891 0.8457 0.8109 0.7065 0.6398 0.8526 0.8066 0.6905 0.5267 0.7702 0.5531 1.0000 0.7054 0.6440 0.3925 0.6592 0.5294 0.4389 0.0387 0.6733 0.2877 0.7716 0.6056 0.6061 0.3825 0.5434 0.6224 0.7802 0.7781 0.7392 0.7346 0.6774 0.6901 0.7479 0.7018 0.6535 0.6007 0.7323 0.6317 0.7016 0.6565
0.4580 0.5025 0.4481 0.3499 0.2495 0.4078 0.3357 0.4170 0.2083 0.5918 0.5966 0.5033 0.5271 0.5230 0.3813 0.5222 0.6425 0.5437 0.4342 0.5170 0.5037 0.1604 0.2211 0.6690 0.6188 0.6628 0.6944 0.5788 0.5907 0.5064 0.5881 0.6036 0.5365 0.3526 0.7289 0.7788 0.5827 0.6987 0.6462 0.7443 0.7166 0.6985 0.7545 0.7362 0.7054 1.0000 0.5339 0.4615 0.3953 0.4478 0.2858 0.0941 0.4501 0.3195 0.6072 0.6200 0.4768 0.4651 0.3420 0.6068 0.6010 0.6579 0.6863 0.6221 0.5199 0.5735 0.5286 0.5699 0.4460 0.6571 0.5639 0.7206 0.5875 0.7460
0.6785 0.4025 0.7142 0.4305 0.5023 0.7399 0.3360 0.5640 0.3369 0.6284 0.5051 0.4567 0.3561 0.5842 0.4368 0.5868 0.5577 0.6327 0.6756 0.7025 0.5691 0.5184 0.4715 0.5713 0.6296 0.6103 0.5999 0.5697 0.6041 0.4731 0.5998 0.3931 0.5122 0.4574 0.6283 0.6248 0.5050 0.6668 0.6416 0.7277 0.5793 0.4273 0.6275 0.4679 0.6440 0.5339 1.0000 0.6969 0.6146 0.3976 0.6616 0.1988 0.6767 0.3127 0.5846 0.3831 0.5993 0.3432 0.5565 0.7441 0.6699 0.6625 0.5738 0.6770 0.4933 0.5304 0.5980 0.5599 0.4369 0.4695 0.5577 0.4504 0.7166 0.4709
0.4137 0.4182 0.5695 0.5045 0.6456 0.5442 0.5629 0.4966 0.6043 0.3884 0.4803 0.2643 0.3323 0.4601 0.6227 0.3515 0.4443 0.4534 0.4841 0.5894 0.5409 0.6361 0.6582 0.3942 0.4222 0.3953 0.4423 0.3480 0.3840 0.3096 0.3667 0.1743 0.1987 0.3645 0.4301 0.4356 0.3439 0.5322 0.3805 0.5096 0.3991 0.4146 0.4153 0.4930 0.3925 0.4615 0.6969 1.0000 0.3491 0.4038 0.4309 0.3040 0.3783 0.4944 0.3442 0.4696 0.3590 0.4631 0.3718 0.5467 0.4270 0.4254 0.4154 0.4534 0.2977 0.2581 0.3193 0.3189 0.2340 0.2606 0.3153 0.2637 0.4521 0.5209
0.9179 0.5739 0.6036 0.3865 0.3839 0.5810 0.2357 0.4899 0.2544 0.6139 0.4300 0.4918 0.3270 0.4811 0.3343 0.7640 0.6369 0.7555 0.7112 0.5840 0.4807 0.3079 0.2906 0.6118 0.5878 0.5580 0.5471 0.7254 0.6765 0.3896 0.6023 0.5112 0.4348 0.3130 0.5634 0.6063 0.3879 0.4124 0.6048 0.6013 0.5043 0.3594 0.6002 0.3479 0.6592 0.3953 0.6146 0.3491 1.0000 0.6373 0.5802 0.0660 0.7621 0.1830 0.6807 0.4063 0.5724 0.2138 0.4472 0.6003 0.6473 0.6937 0.6144 0.6928 0.5715 0.6251 0.7093 0.6272 0.5922 0.5917 0.6126 0.4793 0.6265 0.4499
0.5924 0.9250 0.4749 0.7296 0.4958 0.3392 0.6462 0.5029 0.5326 0.4354 0.5644 0.3059 0.5433 0.4961 0.5575 0.6210 0.7178 0.7284 0.6139 0.5296 0.6121 0.3804 0.4780 0.6012 0.4699 0.4254 0.5467 0.5257 0.5057 0.2903 0.3423 0.5286 0.1825 0.3577 0.4261 0.5231 0.3754 0.4000 0.4445 0.3834 0.4557 0.5960 0.4738 0.5754 0.5294 0.4478 0.3976 0.4038 0.6373 1.0000 0.3286 0.5186 0.3823 0.6392 0.4548 0.7492 0.3461 0.5894 0.3687 0.4587 0.4280 0.5097 0.5908 0.4761 0.4462 0.3408 0.4696 0.4412 0.4729 0.5477 0.4787 0.5814 0.4047 0.5823
0.6646 0.3116 0.6844 0.4073 0.3843 0.7127 0.2666 0.5041 0.1966 0.4830 0.3407 0.3189 0.1488 0.3674 0.2295 0.4012 0.4319 0.5103 0.6699 0.5586 0.5251 0.4615 0.3885 0.3926 0.4630 0.3843 0.4256 0.3571 0.4287 0.2010 0.4055 0.1891 0.1990 0.2368 0.3448 0.3897 0.3486 0.5882 0.3285 0.4313 0.5691 0.4425 0.5251 0.4176 0.4389 0.2858 0.6616 0.4309 0.5802 0.3286 1.0000 0.4472 0.7410 0.3152 0.5003 0.2770 0.5764 0.3445 0.4442 0.7202 0.4365 0.4694 0.3961 0.5439 0.4191 0.5128 0.3506 0.3116 0.2641 0.3113 0.3520 0.2641 0.5295 0.2522
0.1254 0.4817 0.3086 0.6654 0.4139 0.2153 0.5667 0.3274 0.4138 0.0419 0.2391 -0.0679 0.2192 0.1603 0.3103 0.0894 0.2624 0.2693 0.2999 0.2609 0.4679 0.4036 0.4736 0.1664 0.0550 -0.0337 0.1554 -0.0788 -0.0494 -0.0649 -0.1249 0.0912 -0.2617 0.2493 -0.0776 -0.0105 0.0942 0.2983 -0.0874 -0.0869 0.1880 0.4913 0.0540 0.4694 0.0387 0.0941 0.1988 0.3040 0.0660 0.5186 0.4472 1.0000 0.0733 0.7351 -0.0416 0.3827 0.0869 0.6525 0.2447 0.2434 -0.0376 0.0201 0.1761 0.0384 0.1009 -0.0408 -0.0788 -0.1384 -0.0119 0.0140 -0.0329 0.1563 -0.0083 0.1656
0.8060 0.4025 0.6930 0.3568 0.3143 0.7227 0.2611 0.5253 0.1781 0.7757 0.5416 0.6330 0.3539 0.5099 0.2905 0.6203 0.5735 0.5893 0.6645 0.6439 0.5290 0.3125 0.2759 0.6142 0.6746 0.6521 0.6194 0.6489 0.6777 0.4289 0.6327 0.4139 0.4717 0.2541 0.5593 0.6096 0.4199 0.5913 0.5460 0.6118 0.6623 0.4278 0.7457 0.4301 0.6733 0.4501 0.6767 0.3783 0.7621 0.3823 0.7410 0.0733 1.0000 0.2358 0.8432 0.3764 0.7652 0.2850 0.3958 0.7244 0.7174 0.7196 0.5999 0.7519 0.5651 0.6925 0.6433 0.5874 0.4928 0.4795 0.6039 0.3669 0.7497 0.4278
0.2048 0.6303 0.3854 0.6793 0.4646 0.3438 0.7070 0.3541 0.5740 0.3301 0.5452 0.2032 0.4689 0.2802 0.5250 0.3177 0.4197 0.4432 0.4016 0.4103 0.5037 0.4063 0.4908 0.4126 0.3014 0.2434 0.3811 0.2462 0.2916 0.2098 0.0923 0.1911 0.0819 0.3420 0.1588 0.1874 0.3107 0.4201 0.1631 0.1616 0.2736 0.4605 0.2039 0.5494 0.2877 0.3195 0.3127 0.4944 0.1830 0.6392 0.3152 0.7351 0.2358 1.0000 0.2327 0.7303 0.2116 0.7886 0.4104 0.3331 0.2437 0.2643 0.3954 0.2572 0.2466 0.1065 0.2068 0.2053 0.1759 0.1308 0.1685 0.2757 0.1046 0.4465
0.6969 0.5135 0.5896 0.3539 0.2771 0.5988 0.3150 0.5282 0.1932 0.8266 0.6799 0.7226 0.5228 0.6163 0.3715 0.7145 0.7144 0.6016 0.5978 0.6083 0.5221 0.2060 0.2207 0.7852 0.7725 0.7836 0.7522 0.7172 0.7430 0.4930 0.6628 0.5942 0.5684 0.3591 0.6780 0.7412 0.5129 0.5997 0.6759 0.6954 0.7308 0.5258 0.8429 0.5177 0.7716 0.6072 0.5846 0.3442 0.6807 0.4548 0.5003 -0.0416 0.8432 0.2327 1.0000 0.5797 0.7464 0.3445 0.3599 0.6765 0.7616 0.7830 0.7043 0.7777 0.6339 0.7174 0.7078 0.6816 0.6284 0.6443 0.7903 0.5873 0.8066 0.6103
0.4050 0.7748 0.4287 0.5970 0.3879 0.3614 0.6392 0.4366 0.4650 0.5725 0.7221 0.4429 0.6538 0.4782 0.5632 0.5874 0.7352 0.6291 0.5077 0.4903 0.5639 0.2441 0.3581 0.7313 0.5980 0.5847 0.6830 0.5738 0.6106 0.4257 0.4134 0.5309 0.3635 0.4350 0.5150 0.5815 0.5435 0.6055 0.4973 0.5052 0.5677 0.6607 0.5721 0.7004 0.6056 0.6200 0.3831 0.4696 0.4063 0.7492 0.2770 0.3827 0.3764 0.7303 0.5797 1.0000 0.3889 0.6956 0.4137 0.5287 0.5077 0.5822 0.6613 0.5133 0.4789 0.4060 0.5059 0.5616 0.4603 0.5409 0.5228 0.6769 0.3853 0.7236
0.6581 0.3832 0.6708 0.4088 0.3090 0.6589 0.3146 0.5653 0.1975 0.6441 0.5266 0.5993 0.3913 0.5362 0.2705 0.4853 0.4961 0.5682 0.5785 0.6951 0.6019 0.3162 0.3165 0.5262 0.5501 0.6339 0.6783 0.6026 0.6331 0.5798 0.7545 0.4873 0.4076 0.2538 0.6231 0.6524 0.5853 0.6662 0.5619 0.5995 0.6941 0.5208 0.7496 0.5681 0.6061 0.4768 0.5993 0.3590 0.5724 0.3461 0.5764 0.0869 0.7652 0.2116 0.7464 0.3889 1.0000 0.5260 0.5044 0.7730 0.6396 0.6797 0.5906 0.6562 0.5239 0.6183 0.5568 0.5273 0.3792 0.4626 0.5275 0.4468 0.7711 0.5448
0.3079 0.6249 0.4692 0.7081 0.4711 0.3803 0.6883 0.5252 0.5369 0.3660 0.6030 0.2860 0.5641 0.4212 0.5140 0.2923 0.4873 0.4739 0.3814 0.5086 0.6349 0.4071 0.5134 0.4375 0.3467 0.3342 0.5236 0.3034 0.3227 0.3666 0.3373 0.4298 0.0898 0.3476 0.3384 0.4130 0.4784 0.6068 0.2756 0.2599 0.4808 0.6898 0.4177 0.7972 0.3825 0.4651 0.3432 0.4631 0.2138 0.5894 0.3445 0.6525 0.2850 0.7886 0.3445 0.6956 0.5260 1.0000 0.4120 0.5202 0.2938 0.3742 0.5118 0.3424 0.3502 0.2511 0.2418 0.2301 0.1652 0.2822 0.2456 0.4556 0.3148 0.6360
0.4326 0.2582 0.4222 0.2520 0.2866 0.5666 0.2022 0.1967 0.1245 0.4823 0.2418 0.4814 0.1156 0.2359 0.1067 0.5608 0.2758 0.6170 0.5933 0.4552 0.3235 0.1568 0.1455 0.4522 0.3019 0.5358 0.5145 0.6875 0.6768 0.7049 0.6294 0.3130 0.4854 0.3744 0.5676 0.3840 0.7285 0.5486 0.6157 0.5604 0.3442 0.1908 0.3114 0.3217 0.5434 0.3420 0.5565 0.3718 0.4472 0.3687 0.4442 0.2447 0.3958 0.4104 0.3599 0.4137 0.5044 0.4120 1.0000 0.5739 0.5703 0.5403 0.4394 0.4068 0.4728 0.3922 0.6292 0.5637 0.4427 0.2415 0.4069 0.3678 0.3851 0.3413
0.6986 0.4965 0.7657 0.4986 0.3940 0.7286 0.4193 0.5959 0.2416 0.6022 0.6168 0.4732 0.4380 0.5431 0.3598 0.5506 0.6785 0.6843 0.7890 0.7401 0.7033 0.4494 0.4273 0.6143 0.7030 0.6821 0.7434 0.6344 0.7005 0.5537 0.7566 0.5019 0.4638 0.4346 0.6723 0.7159 0.6094 0.8308 0.6051 0.7295 0.7663 0.6597 0.7697 0.6691 0.6224 0.6068 0.7441 0.5467 0.6003 0.4587 0.7202 0.2434 0.7244 0.3331 0.6765 0.5287 0.7730 0.5202 0.5739 1.0000 0.6626 0.7502 0.6345 0.7439 0.5116 0.6646 0.5983 0.6228 0.4284 0.5725 0.5768 0.5518 0.7431 0.5949
0.6597 0.4223 0.6321 0.3204 0.3623 0.7035 0.2940 0.4689 0.2211 0.8373 0.5966 0.7715 0.4246 0.5755 0.3555 0.7588 0.6329 0.6383 0.6495 0.7128 0.4980 0.2746 0.2670 0.7664 0.7726 0.9071 0.8050 0.8040 0.8284 0.6988 0.7636 0.5086 0.7106 0.4135 0.7186 0.7002 0.6105 0.6006 0.7368 0.7437 0.6074 0.3884 0.7075 0.4210 0.7802 0.6010 0.6699 0.4270 0.6473 0.4280 0.4365 -0.0376 0.7174 0.2437 0.7616 0.5077 0.6396 0.2938 0.5703 0.6626 1.0000 0.9321 0.7661 0.8318 0.6835 0.7152 0.8397 0.8090 0.6476 0.5261 0.7094 0.5081 0.7556 0.5126
0.7107 0.5140 0.6740 0.3934 0.3837 0.6831 0.3254 0.5518 0.2491 0.7915 0.6708 0.7106 0.5234 0.6263 0.4056 0.7688 0.7458 0.7090 0.6977 0.7399 0.6063 0.3058 0.3129 0.8093 0.8241 0.8940 0.8626 0.7937 0.8231 0.6547 0.7828 0.6280 0.7070 0.4863 0.7166 0.7534 0.6047 0.6508 0.7256 0.7607 0.6910 0.5315 0.7688 0.5323 0.7781 0.6579 0.6625 0.4254 0.6937 0.5097 0.4694 0.0201 0.7196 0.2643 0.7830 0.5822 0.6797 0.3742 0.5403 0.7502 0.9321 1.0000 0.8218 0.8831 0.6694 0.7644 0.8295 0.8294 0.6193 0.6227 0.7138 0.6178 0.7636 0.6095
0.6261 0.6170 0.5526 0.4726 0.3866 0.5149 0.3879 0.5690 0.3082 0.6943 0.7019 0.5645 0.6341 0.6309 0.4807 0.7110 0.7697 0.6608 0.5488 0.6248 0.5789 0.2885 0.3337 0.8047 0.7344 0.7415 0.7816 0.7099 0.6907 0.5691 0.6137 0.6911 0.5867 0.5394 0.6584 0.7527 0.5887 0.6584 0.6440 0.6562 0.6672 0.6494 0.7257 0.6533 0.7392 0.6863 0.5738 0.4154 0.6144 0.5908 0.3961 0.1761 0.5999 0.3954 0.7043 0.6613 0.5906 0.5118 0.4394 0.6345 0.7661 0.8218 1.0000 0.8486 0.7781 0.7167 0.7139 0.7009 0.5533 0.6581 0.6300 0.7156 0.6571 0.6925
0.7441 0.5115 0.7030 0.4159 0.4122 0.6958 0.3195 0.5643 0.2602 0.7308 0.7043 0.5934 0.5326 0.5798 0.4568 0.7386 0.7736 0.6329 0.6712 0.7102 0.5830 0.3882 0.3720 0.7685 0.8823 0.8028 0.7808 0.6950 0.7464 0.5095 0.6823 0.5762 0.6274 0.4888 0.6666 0.7471 0.5388 0.6463 0.6625 0.7198 0.6963 0.5467 0.7662 0.5291 0.7346 0.6221 0.6770 0.4534 0.6928 0.4761 0.5439 0.0384 0.7519 0.2572 0.7777 0.5133 0.6562 0.3424 0.4068 0.7439 0.8318 0.8831 0.8486 1.0000 0.6869 0.8247 0.7197 0.7248 0.5804 0.6122 0.6990 0.5586 0.7471 0.5965
0.5434 0.4277 0.3827 0.2565 0.1965 0.4490 0.2309 0.3373 0.1198 0.6465 0.4720 0.5227 0.3835 0.3932 0.2836 0.6142 0.5491 0.5428 0.5183 0.4400 0.3340 0.0566 0.0594 0.6408 0.5497 0.6083 0.5864 0.6696 0.6291 0.5880 0.5842 0.5102 0.5145 0.3766 0.5962 0.5981 0.5213 0.5114 0.6049 0.5777 0.5013 0.4303 0.6007 0.4355 0.6774 0.5199 0.4933 0.2977 0.5715 0.4462 0.4191 0.1009 0.5651 0.2466 0.6339 0.4789 0.5239 0.3502 0.4728 0.5116 0.6835 0.6694 0.7781 0.6869 1.0000 0.7537 0.6893 0.6236 0.5388 0.5593 0.5917 0.5799 0.6155 0.5390
0.6383 0.3513 0.4887 0.1723 0.1431 0.5288 0.1147 0.3567 0.0208 0.6664 0.4998 0.5482 0.3512 0.3782 0.2220 0.6153 0.5887 0.4978 0.5610 0.4792 0.3675 0.0928 0.0412 0.6366 0.6849 0.6721 0.6239 0.6523 0.6679 0.5256 0.6931 0.5516 0.6067 0.3522 0.6270 0.6697 0.4963 0.5536 0.6189 0.6572 0.6248 0.4720 0.7083 0.4504 0.6901 0.5735 0.5304 0.2581 0.6251 0.3408 0.5128 -0.0408 0.6925 0.1065 0.7174 0.4060 0.6183 0.2511 0.3922 0.6646 0.7152 0.7644 0.7167 0.8247 0.7537 1.0000 0.6803 0.6672 0.5306 0.5945 0.6340 0.5598 0.6733 0.5555
0.6594 0.4591 0.4451 0.2247 0.2349 0.5354 0.2238 0.3350 0.1567 0.7651 0.5215 0.6964 0.4132 0.4744 0.2938 0.7583 0.5986 0.7030 0.6207 0.5070 0.3649 0.0595 0.0703 0.7298 0.6545 0.7568 0.6654 0.8618 0.8181 0.7011 0.7315 0.6134 0.7091 0.4735 0.6868 0.6256 0.5871 0.4926 0.7523 0.7221 0.4803 0.2959 0.6053 0.3614 0.7479 0.5286 0.5980 0.3193 0.7093 0.4696 0.3506 -0.0788 0.6433 0.2068 0.7078 0.5059 0.5568 0.2418 0.6292 0.5983 0.8397 0.8295 0.7139 0.7197 0.6893 0.6803 1.0000 0.9026 0.6618 0.5641 0.7051 0.5368 0.6409 0.5057
0.5998 0.4546 0.4371 0.1746 0.2024 0.5011 0.1831 0.3351 0.1347 0.7230 0.5801 0.6441 0.4739 0.4772 0.3232 0.6841 0.6319 0.6924 0.6111 0.5054 0.3665 0.0601 0.0665 0.7120 0.7039 0.7735 0.7009 0.8351 0.8423 0.6774 0.7157 0.5822 0.7502 0.4444 0.6702 0.6424 0.5646 0.5135 0.7084 0.7223 0.4872 0.3232 0.6018 0.3921 0.7018 0.5699 0.5599 0.3189 0.6272 0.4412 0.3116 -0.1384 0.5874 0.2053 0.6816 0.5616 0.5273 0.2301 0.5637 0.6228 0.8090 0.8294 0.7009 0.7248 0.6236 0.6672 0.9026 1.0000 0.5920 0.5907 0.6572 0.5807 0.5878 0.5382
0.4855 0.4144 0.2751 0.1887 0.1850 0.3434 0.1782 0.2493 0.0843 0.6107 0.3653 0.5607 0.2841 0.4253 0.1939 0.8535 0.5790 0.5009 0.4722 0.3482 0.2296 0.0382 0.0823 0.7438 0.5926 0.6812 0.5891 0.7040 0.6866 0.4263 0.5039 0.4783 0.5536 0.3669 0.6027 0.5897 0.4840 0.4064 0.6769 0.6223 0.4639 0.3023 0.5466 0.2697 0.6535 0.4460 0.4369 0.2340 0.5922 0.4729 0.2641 -0.0119 0.4928 0.1759 0.6284 0.4603 0.3792 0.1652 0.4427 0.4284 0.6476 0.6193 0.5533 0.5804 0.5388 0.5306 0.6618 0.5920 1.0000 0.6834 0.8506 0.5661 0.5818 0.3878
0.5311 0.5533 0.3465 0.2644 0.1886 0.2699 0.1895 0.4687 0.1312 0.5050 0.5141 0.3681 0.5186 0.5650 0.3409 0.6762 0.7844 0.5921 0.5087 0.4154 0.4152 0.1388 0.1787 0.7148 0.6561 0.6054 0.6535 0.6242 0.6179 0.3582 0.5178 0.6571 0.5150 0.3996 0.5947 0.7247 0.4063 0.5207 0.5947 0.6498 0.6154 0.5876 0.6862 0.5179 0.6007 0.6571 0.4695 0.2606 0.5917 0.5477 0.3113 0.0140 0.4795 0.1308 0.6443 0.5409 0.4626 0.2822 0.2415 0.5725 0.5261 0.6227 0.6581 0.6122 0.5593 0.5945 0.5641 0.5907 0.6834 1.0000 0.7120 0.8529 0.6091 0.6496
0.5645 0.4925 0.4126 0.2877 0.2669 0.4431 0.2563 0.4163 0.1593 0.6862 0.5323 0.6235 0.4145 0.5894 0.3295 0.7947 0.6749 0.5746 0.5494 0.4775 0.3970 0.1519 0.1964 0.8002 0.7268 0.7574 0.6903 0.6960 0.6944 0.4514 0.5985 0.6410 0.6150 0.4985 0.7022 0.7101 0.5470 0.5088 0.7635 0.7383 0.6355 0.4471 0.7289 0.4023 0.7323 0.5639 0.5577 0.3153 0.6126 0.4787 0.3520 -0.0329 0.6039 0.1685 0.7903 0.5228 0.5275 0.2456 0.4069 0.5768 0.7094 0.7138 0.6300 0.6990 0.5917 0.6340 0.7051 0.6572 0.8506 0.7120 1.0000 0.6692 0.7680 0.5431
0.4613 0.5789 0.3541 0.3424 0.2502 0.2650 0.2125 0.4791 0.1497 0.4840 0.5435 0.3663 0.5725 0.5653 0.3526 0.6224 0.7587 0.6213 0.4611 0.4425 0.4788 0.1368 0.1987 0.7282 0.6030 0.6033 0.6942 0.6003 0.5815 0.4622 0.5195 0.7196 0.5317 0.4947 0.6115 0.7314 0.5350 0.5972 0.6056 0.6284 0.6333 0.6783 0.6600 0.6354 0.6317 0.7206 0.4504 0.2637 0.4793 0.5814 0.2641 0.1563 0.3669 0.2757 0.5873 0.6769 0.4468 0.4556 0.3678 0.5518 0.5081 0.6178 0.7156 0.5586 0.5799 0.5598 0.5368 0.5807 0.5661 0.8529 0.6692 1.0000 0.5631 0.7358
0.6763 0.4404 0.6592 0.4035 0.3326 0.6305 0.3297 0.6096 0.1821 0.6837 0.5572 0.6220 0.4063 0.6851 0.3496 0.5955 0.6258 0.5789 0.6366 0.7439 0.6248 0.3721 0.3590 0.6343 0.6711 0.7410 0.7159 0.6465 0.6520 0.5540 0.7371 0.5455 0.5161 0.3635 0.7342 0.7727 0.5287 0.6157 0.7123 0.7492 0.7492 0.5342 0.8421 0.4926 0.7016 0.5875 0.7166 0.4521 0.6265 0.4047 0.5295 -0.0083 0.7497 0.1046 0.8066 0.3853 0.7711 0.3148 0.3851 0.7431 0.7556 0.7636 0.6571 0.7471 0.6155 0.6733 0.6409 0.5878 0.5818 0.6091 0.7680 0.5631 1.0000 0.5609
0.4838 0.6761 0.4284 0.4980 0.3500 0.3347 0.5232 0.4741 0.4546 0.4847 0.7568 0.3374 0.7211 0.4790 0.6621 0.4889 0.7153 0.5656 0.4258 0.5289 0.5940 0.2602 0.3489 0.6067 0.6006 0.5639 0.6663 0.5732 0.5419 0.5255 0.6008 0.7013 0.4216 0.4233 0.6571 0.7303 0.5399 0.5968 0.5988 0.6096 0.6154 0.6907 0.6628 0.7543 0.6565 0.7460 0.4709 0.5209 0.4499 0.5823 0.2522 0.1656 0.4278 0.4465 0.6103 0.7236 0.5448 0.6360 0.3413 0.5949 0.5126 0.6095 0.6925 0.5965 0.5390 0.5555 0.5057 0.5382 0.3878 0.6496 0.5431 0.7358 0.5609 1.0000
