1.0000 0.6434 0.7299 0.7200 0.5411 0.8028 0.7313 0.6027 0.4208 0.7008 0.5779 0.6373 0.6021 0.5190 0.4300 0.6886 0.5116 0.6756 0.5737 0.5446 0.4869 0.3736 0.3997 0.5803 0.5734 0.6192 0.5325 0.6183 0.5462 0.6250 0.4848 0.3992 0.2484 0.3719 0.6484 0.6260 0.6416 0.6543 0.6162 0.5201 0.6689 0.5799 0.6617 0.5123 0.5492 0.3891 0.2936 0.1859 0.9362 0.6311 0.5970 0.5459 0.8368 0.5282 0.8129 0.5844 0.6305 0.4580 0.5779 0.7021 0.6938 0.5806 0.5166 0.6102 0.3458 0.3912 0.6770 0.5525 0.6103 0.4833 0.7336 0.4967 0.6439 0.4087
0.6434 1.0000 0.5475 0.6406 0.5131 0.4849 0.6520 0.4111 0.3596 0.5860 0.7004 0.5430 0.6383 0.4410 0.4512 0.5388 0.5883 0.8289 0.7171 0.5521 0.4279 0.3101 0.3600 0.4854 0.5578 0.4679 0.4437 0.7713 0.7642 0.5522 0.4861 0.3182 0.2842 0.2692 0.5951 0.5789 0.6215 0.6221 0.5071 0.4294 0.6381 0.6169 0.6053 0.5131 0.3824 0.3619 0.1828 0.2332 0.6258 0.9033 0.7143 0.5515 0.5550 0.7729 0.6487 0.7615 0.5314 0.6835 0.7044 0.7393 0.5720 0.5122 0.4297 0.5609 0.2967 0.3294 0.5158 0.4623 0.4644 0.4785 0.5873 0.5412 0.5411 0.4594
0.7299 0.5475 1.0000 0.8383 0.5134 0.8999 0.7551 0.5343 0.4009 0.6081 0.4865 0.6166 0.5234 0.4629 0.3921 0.5762 0.4470 0.7049 0.6214 0.8538 0.7839 0.4076 0.4256 0.5366 0.5586 0.7613 0.7177 0.5688 0.5612 0.6698 0.6120 0.3576 0.3616 0.2587 0.5176 0.5612 0.6115 0.5696 0.5468 0.4975 0.5512 0.4974 0.5374 0.4690 0.4558 0.3919 0.3599 0.3605 0.6578 0.4938 0.6882 0.5053 0.7111 0.4695 0.6459 0.4113 0.7248 0.4737 0.7151 0.7003 0.6939 0.5823 0.4992 0.6016 0.3690 0.3711 0.6350 0.5597 0.5232 0.4668 0.6050 0.4829 0.6159 0.4605
0.7200 0.6406 0.8383 1.0000 0.5575 0.8058 0.8951 0.5486 0.4000 0.5955 0.5283 0.5585 0.5243 0.4334 0.3871 0.5599 0.4444 0.7120 0.6557 0.7834 0.7906 0.4198 0.4624 0.5029 0.5072 0.7331 0.7283 0.7093 0.7062 0.5984 0.5544 0.3249 0.2469 0.2668 0.5448 0.5419 0.6091 0.6338 0.5298 0.4295 0.5747 0.5815 0.5489 0.5024 0.4657 0.3729 0.3057 0.2553 0.6600 0.5723 0.6501 0.4802 0.6680 0.5597 0.6866 0.5147 0.6564 0.5754 0.6908 0.7536 0.6966 0.5646 0.4840 0.6032 0.3510 0.4052 0.5968 0.4775 0.5422 0.4087 0.6064 0.3912 0.5953 0.3858
0.5411 0.5131 0.5134 0.5575 1.0000 0.4985 0.5722 0.5021 0.4616 0.4085 0.3927 0.4121 0.4577 0.3826 0.4280 0.4178 0.3431 0.4786 0.4079 0.4174 0.4219 0.2883 0.4675 0.3381 0.4109 0.4549 0.4468 0.4499 0.4581 0.4574 0.4415 0.2375 0.1536 0.1958 0.4872 0.5357 0.5630 0.5713 0.4219 0.3232 0.5242 0.5191 0.4423 0.4709 0.2504 0.2630 0.0732 0.2241 0.4969 0.4904 0.4531 0.4146 0.4866 0.5304 0.4689 0.4442 0.4090 0.5347 0.4880 0.5290 0.5234 0.4342 0.3453 0.5204 0.2119 0.3475 0.3789 0.3543 0.3832 0.3579 0.4226 0.4466 0.3514 0.4521
0.8028 0.4849 0.8999 0.8058 0.4985 1.0000 0.7667 0.6594 0.4207 0.6853 0.5376 0.6654 0.5622 0.4929 0.3536 0.5569 0.4649 0.5967 0.5330 0.6719 0.6642 0.4273 0.4576 0.5363 0.5340 0.7225 0.6312 0.4869 0.4577 0.5549 0.4921 0.2707 0.2489 0.2772 0.4908 0.5330 0.5710 0.5717 0.4871 0.4682 0.5832 0.5186 0.5528 0.5010 0.4341 0.4097 0.2822 0.2163 0.7235 0.4565 0.5971 0.4872 0.8024 0.4273 0.7133 0.4562 0.6382 0.4085 0.5522 0.6319 0.6786 0.5464 0.4862 0.5667 0.3458 0.3206 0.6066 0.5260 0.4849 0.4447 0.5851 0.4362 0.5696 0.4031
0.7313 0.6520 0.7551 0.8951 0.5722 0.7667 1.0000 0.5827 0.4700 0.5971 0.5645 0.5282 0.5884 0.4279 0.4269 0.5814 0.4323 0.6596 0.5908 0.6528 0.6413 0.3896 0.4430 0.5088 0.4875 0.6360 0.6558 0.6789 0.6841 0.6093 0.5570 0.3247 0.1937 0.2847 0.5803 0.5870 0.6098 0.6642 0.5597 0.4112 0.6055 0.6101 0.5897 0.5427 0.5051 0.3714 0.3016 0.2130 0.6779 0.5447 0.6261 0.4957 0.7111 0.5822 0.7203 0.5436 0.6134 0.5662 0.6386 0.7351 0.6732 0.5959 0.4873 0.5767 0.3291 0.3711 0.5705 0.4967 0.5268 0.4281 0.6210 0.4202 0.5711 0.3667
0.6027 0.4111 0.5343 0.5486 0.5021 0.6594 0.5827 1.0000 0.5934 0.5683 0.4451 0.5703 0.4393 0.6974 0.5005 0.3988 0.3544 0.3947 0.3763 0.3668 0.3918 0.4404 0.5245 0.5170 0.4166 0.4927 0.4384 0.4278 0.3806 0.3626 0.2596 0.2731 0.0757 0.3940 0.3364 0.3828 0.3363 0.4038 0.3354 0.3681 0.3986 0.4030 0.3697 0.3447 0.3166 0.2437 0.0715 -0.0325 0.6050 0.4027 0.3844 0.3059 0.5656 0.3870 0.5789 0.4137 0.3609 0.2949 0.3097 0.4575 0.5705 0.4440 0.4638 0.3480 0.2838 0.1772 0.4594 0.3206 0.3120 0.2716 0.4203 0.2633 0.3998 0.2762
0.4208 0.3596 0.4009 0.4000 0.4616 0.4207 0.4700 0.5934 1.0000 0.3995 0.3814 0.3689 0.4092 0.5857 0.7296 0.2822 0.2223 0.3924 0.3200 0.3579 0.2635 0.0110 0.0910 0.3710 0.4592 0.2685 0.2883 0.4209 0.3743 0.3260 0.2128 0.1358 0.0035 0.2076 0.2166 0.2936 0.2452 0.3164 0.2360 0.2264 0.2294 0.3004 0.1716 0.2418 0.1185 0.0610 -0.0419 -0.0645 0.4279 0.3326 0.3448 0.2260 0.4724 0.3796 0.4063 0.2994 0.3406 0.3301 0.3040 0.3933 0.3711 0.3600 0.2998 0.3579 0.1586 0.2063 0.2930 0.2749 0.1978 0.1658 0.2902 0.2227 0.2599 0.2641
0.7008 0.5860 0.6081 0.5955 0.4085 0.6853 0.5971 0.5683 0.3995 1.0000 0.7007 0.8990 0.6204 0.6732 0.4866 0.7083 0.5741 0.5500 0.4722 0.5333 0.4827 0.2713 0.3126 0.7164 0.6885 0.5598 0.5585 0.5653 0.5642 0.5104 0.4605 0.3969 0.3239 0.3787 0.4874 0.5246 0.5197 0.5370 0.4970 0.4944 0.5496 0.5201 0.5646 0.4416 0.3969 0.3063 0.2358 0.1848 0.6534 0.5523 0.5191 0.3720 0.6681 0.4623 0.7423 0.5916 0.5470 0.4404 0.4824 0.5924 0.6229 0.5466 0.5510 0.5805 0.3523 0.3447 0.5874 0.5452 0.5270 0.5235 0.6942 0.5218 0.6463 0.4393
0.5779 0.7004 0.4865 0.5283 0.3927 0.5376 0.5645 0.4451 0.3814 0.7007 1.0000 0.6869 0.8061 0.5576 0.5947 0.5114 0.7996 0.5262 0.3849 0.4826 0.4119 0.2831 0.2992 0.5522 0.7333 0.4598 0.4711 0.5167 0.5331 0.5165 0.4952 0.2921 0.2774 0.3118 0.4334 0.4926 0.4591 0.4728 0.4052 0.4025 0.4939 0.4573 0.4997 0.4127 0.2853 0.2816 0.1068 0.1665 0.5200 0.7206 0.4492 0.3328 0.5517 0.4921 0.5825 0.7650 0.5233 0.5208 0.4685 0.5652 0.5752 0.5618 0.4599 0.5688 0.3184 0.2901 0.4749 0.4773 0.4164 0.5072 0.5681 0.4651 0.5623 0.3838
0.6373 0.5430 0.6166 0.5585 0.4121 0.6654 0.5282 0.5703 0.3689 0.8990 0.6869 1.0000 0.6423 0.6880 0.4886 0.6203 0.5631 0.5004 0.4148 0.5520 0.5559 0.3063 0.3357 0.6857 0.6707 0.6024 0.5593 0.4922 0.4888 0.5296 0.5245 0.3485 0.3448 0.3299 0.4476 0.5017 0.5090 0.5119 0.4471 0.4871 0.5165 0.4974 0.5328 0.4253 0.3425 0.2871 0.1892 0.2334 0.5684 0.5392 0.4983 0.3437 0.5853 0.4387 0.6018 0.5713 0.5683 0.4669 0.4864 0.5646 0.6413 0.5748 0.5753 0.5463 0.4142 0.2920 0.6184 0.5329 0.4143 0.4873 0.5848 0.5044 0.6125 0.4729
0.6021 0.6383 0.5234 0.5243 0.4577 0.5622 0.5884 0.4393 0.4092 0.6204 0.8061 0.6423 1.0000 0.5389 0.6025 0.4982 0.5117 0.5386 0.3634 0.5095 0.3450 0.2793 0.3112 0.5073 0.6153 0.4889 0.5064 0.4556 0.4746 0.5341 0.4831 0.3179 0.2511 0.3482 0.4253 0.4304 0.4476 0.4352 0.3651 0.3325 0.4957 0.4105 0.4921 0.3411 0.2668 0.2199 0.1550 0.0939 0.5749 0.5818 0.4515 0.3190 0.6154 0.4577 0.6116 0.5648 0.5236 0.4860 0.4565 0.5219 0.5462 0.5116 0.4171 0.6104 0.3011 0.3398 0.5832 0.5346 0.3494 0.4041 0.5336 0.4627 0.4962 0.3477
0.5190 0.4410 0.4629 0.4334 0.3826 0.4929 0.4279 0.6974 0.5857 0.6732 0.5576 0.6880 0.5389 1.0000 0.7189 0.5158 0.4080 0.4194 0.3169 0.4557 0.3715 0.1391 0.1880 0.6339 0.5782 0.3581 0.4077 0.4180 0.4213 0.4376 0.3111 0.4577 0.2472 0.5514 0.3248 0.3204 0.2828 0.2801 0.3389 0.3267 0.2981 0.2590 0.3320 0.1935 0.2600 0.0614 0.1495 0.0335 0.5530 0.4368 0.3607 0.1802 0.5128 0.3361 0.5793 0.3940 0.4926 0.2811 0.3427 0.3972 0.5204 0.4562 0.4610 0.4026 0.2921 0.2167 0.5187 0.3757 0.3516 0.2870 0.5273 0.2792 0.4653 0.2592
0.4300 0.4512 0.3921 0.3871 0.4280 0.3536 0.4269 0.5005 0.7296 0.4866 0.5947 0.4886 0.6025 0.7189 1.0000 0.4207 0.4361 0.4298 0.2839 0.4369 0.2980 0.0072 0.0702 0.5342 0.6635 0.2771 0.4039 0.4385 0.4199 0.4813 0.3714 0.4476 0.2436 0.4407 0.2938 0.3649 0.2564 0.2884 0.2621 0.2708 0.2242 0.2423 0.2273 0.1771 0.1982 0.0188 0.0419 0.1210 0.4562 0.4398 0.3017 0.1374 0.4500 0.3169 0.4761 0.3716 0.4853 0.3294 0.3544 0.4108 0.5060 0.4207 0.4009 0.4301 0.2428 0.2829 0.4755 0.3708 0.3110 0.3208 0.4047 0.3346 0.4203 0.3578
0.6886 0.5388 0.5762 0.5599 0.4178 0.5569 0.5814 0.3988 0.2822 0.7083 0.5114 0.6203 0.4982 0.5158 0.4207 1.0000 0.4600 0.5819 0.4945 0.5111 0.4461 0.2591 0.2795 0.7402 0.6246 0.5583 0.5755 0.5805 0.5843 0.5887 0.5307 0.5262 0.4290 0.3485 0.5302 0.5472 0.5661 0.5238 0.5832 0.5174 0.4948 0.4226 0.5654 0.3500 0.4610 0.2484 0.4399 0.3584 0.7032 0.5102 0.5009 0.3827 0.5822 0.3898 0.7160 0.4434 0.5698 0.3696 0.5816 0.5961 0.5915 0.5547 0.5546 0.6036 0.3391 0.3836 0.5997 0.5717 0.7670 0.5824 0.8342 0.5948 0.6799 0.4427
0.5116 0.5883 0.4470 0.4444 0.3431 0.4649 0.4323 0.3544 0.2223 0.5741 0.7996 0.5631 0.5117 0.4080 0.4361 0.4600 1.0000 0.4549 0.4111 0.3678 0.3936 0.2953 0.2917 0.4471 0.7214 0.4450 0.4181 0.4198 0.3974 0.5047 0.5056 0.2446 0.2548 0.2551 0.4271 0.5520 0.4709 0.4994 0.3937 0.3965 0.4825 0.4418 0.4706 0.4521 0.2966 0.3095 0.0974 0.2618 0.4589 0.7096 0.4043 0.4080 0.4408 0.3927 0.4725 0.7366 0.4460 0.4337 0.4289 0.5474 0.4872 0.4445 0.3519 0.5126 0.2428 0.2721 0.3804 0.4585 0.3748 0.6701 0.5180 0.4921 0.5154 0.4133
0.6756 0.8289 0.7049 0.7120 0.4786 0.5967 0.6596 0.3947 0.3924 0.5500 0.5262 0.5004 0.5386 0.4194 0.4298 0.5819 0.4549 1.0000 0.8983 0.6641 0.5383 0.2574 0.2858 0.4889 0.5532 0.5432 0.4998 0.7237 0.6870 0.5719 0.4987 0.3469 0.2954 0.2604 0.5310 0.5404 0.5823 0.5602 0.5254 0.4373 0.5385 0.5124 0.5236 0.4224 0.4433 0.3078 0.3044 0.2877 0.6515 0.7137 0.8099 0.6208 0.6156 0.7077 0.6652 0.5061 0.5813 0.5562 0.7572 0.7503 0.6159 0.4978 0.4482 0.5866 0.3259 0.3995 0.5722 0.4971 0.5242 0.4270 0.6220 0.4701 0.5806 0.4177
0.5737 0.7171 0.6214 0.6557 0.4079 0.5330 0.5908 0.3763 0.3200 0.4722 0.3849 0.4148 0.3634 0.3169 0.2839 0.4945 0.4111 0.8983 1.0000 0.5381 0.5336 0.2505 0.2782 0.3877 0.4307 0.4916 0.4222 0.6318 0.6002 0.4362 0.3879 0.2539 0.1983 0.1902 0.4411 0.4450 0.5206 0.5114 0.4720 0.3847 0.4480 0.4839 0.4166 0.3864 0.3780 0.2779 0.3275 0.2668 0.5397 0.6038 0.7534 0.6346 0.5164 0.6160 0.5626 0.4143 0.4202 0.4363 0.6447 0.6715 0.5170 0.3910 0.3726 0.4783 0.2727 0.3613 0.4516 0.3704 0.4680 0.3842 0.5412 0.3887 0.4886 0.3491
0.5446 0.5521 0.8538 0.7834 0.4174 0.6719 0.6528 0.3668 0.3579 0.5333 0.4826 0.5520 0.5095 0.4557 0.4369 0.5111 0.3678 0.6641 0.5381 1.0000 0.8245 0.3706 0.3499 0.4862 0.5499 0.7259 0.7466 0.6272 0.6645 0.6548 0.6259 0.3808 0.4116 0.2305 0.3910 0.4496 0.5280 0.4470 0.4349 0.4352 0.4320 0.4059 0.4409 0.3583 0.3808 0.2934 0.3229 0.3411 0.5141 0.4790 0.6007 0.2967 0.5271 0.4429 0.5554 0.3736 0.7484 0.5292 0.7246 0.6709 0.6514 0.5395 0.4545 0.5886 0.3323 0.3688 0.5968 0.5532 0.4506 0.4124 0.5634 0.4697 0.6313 0.4713
0.4869 0.4279 0.7839 0.7906 0.4219 0.6642 0.6413 0.3918 0.2635 0.4827 0.4119 0.5559 0.3450 0.3715 0.2980 0.4461 0.3936 0.5383 0.5336 0.8245 1.0000 0.4018 0.3997 0.3840 0.4589 0.7147 0.7076 0.5665 0.6031 0.5351 0.5902 0.2660 0.3151 0.1733 0.3471 0.4129 0.4975 0.4777 0.4136 0.4252 0.3749 0.4570 0.3698 0.4048 0.3609 0.3238 0.3284 0.3967 0.3939 0.3815 0.5756 0.3566 0.3907 0.4325 0.4127 0.3648 0.5902 0.5300 0.6425 0.6648 0.6105 0.5070 0.3877 0.5084 0.2759 0.3201 0.4798 0.4531 0.4355 0.3909 0.4706 0.3727 0.5442 0.4516
0.3736 0.3101 0.4076 0.4198 0.2883 0.4273 0.3896 0.4404 0.0110 0.2713 0.2831 0.3063 0.2793 0.1391 0.0072 0.2591 0.2953 0.2574 0.2505 0.3706 0.4018 1.0000 0.9418 0.3007 0.1801 0.6290 0.4989 0.2220 0.2303 0.2768 0.2543 0.1165 0.1840 0.2354 0.2544 0.2296 0.3494 0.3074 0.3057 0.4227 0.3372 0.3012 0.3729 0.3299 0.3681 0.4083 0.2318 0.1971 0.3469 0.3236 0.2524 0.2538 0.2566 0.1776 0.3073 0.2706 0.2578 0.2022 0.2956 0.3309 0.3887 0.4128 0.3437 0.2348 0.1702 0.0366 0.2301 0.2386 0.2468 0.2383 0.3253 0.3663 0.3777 0.2956
0.3997 0.3600 0.4256 0.4624 0.4675 0.4576 0.4430 0.5245 0.0910 0.3126 0.2992 0.3357 0.3112 0.1880 0.0702 0.2795 0.2917 0.2858 0.2782 0.3499 0.3997 0.9418 1.0000 0.3349 0.1958 0.6208 0.5225 0.2578 0.2747 0.2712 0.2659 0.1198 0.1865 0.2534 0.3104 0.2818 0.3919 0.3712 0.3310 0.4141 0.3865 0.3636 0.3848 0.3717 0.3484 0.4290 0.1742 0.2027 0.3703 0.3677 0.2849 0.2970 0.2895 0.2685 0.3435 0.3100 0.2370 0.2623 0.3155 0.3574 0.4150 0.4105 0.3613 0.2665 0.1815 0.0681 0.2577 0.2281 0.2698 0.2461 0.3186 0.3982 0.3385 0.3377
0.5803 0.4854 0.5366 0.5029 0.3381 0.5363 0.5088 0.5170 0.3710 0.7164 0.5522 0.6857 0.5073 0.6339 0.5342 0.7402 0.4471 0.4889 0.3877 0.4862 0.3840 0.3007 0.3349 1.0000 0.6732 0.5436 0.5784 0.5066 0.5091 0.5216 0.4499 0.5185 0.4624 0.4525 0.4379 0.4558 0.4642 0.4345 0.5205 0.6130 0.4448 0.3686 0.5019 0.3312 0.4017 0.2766 0.3037 0.3203 0.5866 0.4567 0.4496 0.3178 0.5506 0.3671 0.6552 0.4287 0.5196 0.3436 0.4985 0.5093 0.6441 0.7193 0.8336 0.3879 0.5825 0.1251 0.6169 0.4611 0.6276 0.4156 0.6830 0.5522 0.6446 0.4759
0.5734 0.5578 0.5586 0.5072 0.4109 0.5340 0.4875 0.4166 0.4592 0.6885 0.7333 0.6707 0.6153 0.5782 0.6635 0.6246 0.7214 0.5532 0.4307 0.5499 0.4589 0.1801 0.1958 0.6732 1.0000 0.5369 0.5350 0.5438 0.5171 0.6101 0.5937 0.4641 0.5141 0.4463 0.4069 0.5542 0.4797 0.5019 0.4925 0.5936 0.4536 0.4243 0.4962 0.3737 0.3485 0.2969 0.2184 0.3437 0.5566 0.5838 0.4888 0.3385 0.5750 0.4185 0.6047 0.5649 0.5874 0.4428 0.5290 0.6176 0.5507 0.5448 0.4440 0.7605 0.2273 0.4281 0.5743 0.7296 0.4118 0.7036 0.7130 0.6539 0.7230 0.5966
0.6192 0.4679 0.7613 0.7331 0.4549 0.7225 0.6360 0.4927 0.2685 0.5598 0.4598 0.6024 0.4889 0.3581 0.2771 0.5583 0.4450 0.5432 0.4916 0.7259 0.7147 0.6290 0.6208 0.5436 0.5369 1.0000 0.8916 0.5371 0.5516 0.5892 0.5682 0.2456 0.3225 0.2448 0.4197 0.4575 0.5670 0.5353 0.4570 0.4613 0.5012 0.4669 0.4891 0.4195 0.4126 0.3976 0.2924 0.3031 0.5592 0.4601 0.5110 0.3865 0.5549 0.3793 0.5867 0.4374 0.5837 0.4181 0.5600 0.6095 0.6824 0.5287 0.5026 0.5887 0.3686 0.3469 0.6077 0.5532 0.4727 0.4934 0.5931 0.4975 0.6253 0.4194
0.5325 0.4437 0.7177 0.7283 0.4468 0.6312 0.6558 0.4384 0.2883 0.5585 0.4711 0.5593 0.5064 0.4077 0.4039 0.5755 0.4181 0.4998 0.4222 0.7466 0.7076 0.4989 0.5225 0.5784 0.5350 0.8916 1.0000 0.5347 0.5890 0.5958 0.5748 0.3414 0.3221 0.3109 0.3982 0.4319 0.5077 0.4876 0.4407 0.3853 0.4206 0.4015 0.4213 0.3479 0.3749 0.2954 0.2825 0.2939 0.4958 0.4099 0.4520 0.2894 0.4948 0.3362 0.5606 0.3993 0.5859 0.4022 0.5426 0.5714 0.6714 0.5143 0.4688 0.5604 0.3105 0.3685 0.5715 0.4989 0.5298 0.4777 0.5825 0.4615 0.5946 0.3651
0.6183 0.7713 0.5688 0.7093 0.4499 0.4869 0.6789 0.4278 0.4209 0.5653 0.5167 0.4922 0.4556 0.4180 0.4385 0.5805 0.4198 0.7237 0.6318 0.6272 0.5665 0.2220 0.2578 0.5066 0.5438 0.5371 0.5347 1.0000 0.9566 0.5828 0.5249 0.3913 0.2647 0.2592 0.5215 0.5318 0.5494 0.6099 0.5046 0.4053 0.5216 0.6083 0.4972 0.4473 0.4009 0.2836 0.2343 0.2396 0.5869 0.6864 0.6762 0.4406 0.4813 0.6782 0.6525 0.6259 0.5600 0.6950 0.7574 0.8301 0.6072 0.5108 0.4497 0.5636 0.3050 0.4012 0.5639 0.4661 0.5152 0.4227 0.6181 0.4366 0.5988 0.4213
0.5462 0.7642 0.5612 0.7062 0.4581 0.4577 0.6841 0.3806 0.3743 0.5642 0.5331 0.4888 0.4746 0.4213 0.4199 0.5843 0.3974 0.6870 0.6002 0.6645 0.6031 0.2303 0.2747 0.5091 0.5171 0.5516 0.5890 0.9566 1.0000 0.5760 0.5542 0.3676 0.3003 0.2263 0.4892 0.4959 0.5469 0.5817 0.4740 0.3813 0.4993 0.5879 0.4763 0.4382 0.3589 0.2769 0.2586 0.2784 0.5192 0.6563 0.6507 0.4012 0.4379 0.6716 0.6290 0.6216 0.5408 0.7085 0.7535 0.7905 0.5866 0.5134 0.4489 0.5587 0.3111 0.3959 0.5308 0.4529 0.5151 0.4235 0.6061 0.4710 0.5678 0.4339
0.6250 0.5522 0.6698 0.5984 0.4574 0.5549 0.6093 0.3626 0.3260 0.5104 0.5165 0.5296 0.5341 0.4376 0.4813 0.5887 0.5047 0.5719 0.4362 0.6548 0.5351 0.2768 0.2712 0.5216 0.6101 0.5892 0.5958 0.5828 0.5760 1.0000 0.8889 0.5700 0.4264 0.3222 0.5976 0.6601 0.5969 0.6094 0.5616 0.4884 0.5812 0.4738 0.6592 0.4729 0.5579 0.3414 0.3441 0.3487 0.6344 0.5560 0.5172 0.3413 0.6302 0.4600 0.6301 0.5162 0.7826 0.5438 0.7006 0.7516 0.6745 0.6365 0.4772 0.6175 0.3232 0.4505 0.6895 0.6473 0.4662 0.5305 0.6367 0.5651 0.7220 0.5295
0.4848 0.4861 0.6120 0.5544 0.4415 0.4921 0.5570 0.2596 0.2128 0.4605 0.4952 0.5245 0.4831 0.3111 0.3714 0.5307 0.5056 0.4987 0.3879 0.6259 0.5902 0.2543 0.2659 0.4499 0.5937 0.5682 0.5748 0.5249 0.5542 0.8889 1.0000 0.4599 0.4865 0.2097 0.4732 0.6064 0.5626 0.5718 0.4960 0.4491 0.5180 0.4602 0.5766 0.4668 0.4672 0.3557 0.3270 0.4555 0.4506 0.4876 0.4898 0.3155 0.4669 0.4329 0.4710 0.4846 0.6785 0.5889 0.6844 0.7187 0.5924 0.5900 0.4255 0.6176 0.3228 0.4317 0.6089 0.6733 0.3774 0.5824 0.5416 0.6143 0.6534 0.5795
0.3992 0.3182 0.3576 0.3249 0.2375 0.2707 0.3247 0.2731 0.1358 0.3969 0.2921 0.3485 0.3179 0.4577 0.4476 0.5262 0.2446 0.3469 0.2539 0.3808 0.2660 0.1165 0.1198 0.5185 0.4641 0.2456 0.3414 0.3913 0.3676 0.5700 0.4599 1.0000 0.4744 0.6131 0.4411 0.3938 0.3164 0.3159 0.5028 0.3848 0.3141 0.2350 0.4309 0.1644 0.5043 0.1497 0.5792 0.3396 0.4771 0.2885 0.2977 0.1306 0.3760 0.1818 0.4871 0.2222 0.4815 0.1974 0.4025 0.4239 0.4369 0.3702 0.3398 0.4092 0.1669 0.3580 0.5858 0.4171 0.4270 0.3066 0.5551 0.2997 0.5713 0.2863
0.2484 0.2842 0.3616 0.2469 0.1536 0.2489 0.1937 0.0757 0.0035 0.3239 0.2774 0.3448 0.2511 0.2472 0.2436 0.4290 0.2548 0.2954 0.1983 0.4116 0.3151 0.1840 0.1865 0.4624 0.5141 0.3225 0.3221 0.2647 0.3003 0.4264 0.4865 0.4744 1.0000 0.3132 0.2535 0.3399 0.3596 0.2668 0.3909 0.5448 0.2884 0.2242 0.3672 0.2629 0.2257 0.4404 0.4169 0.7130 0.2741 0.2855 0.2961 0.1211 0.2297 0.2292 0.2582 0.1960 0.3978 0.2954 0.4479 0.3556 0.2905 0.4071 0.3247 0.3812 0.2116 0.1605 0.4130 0.5593 0.2799 0.4342 0.4636 0.5994 0.4760 0.4998
0.3719 0.2692 0.2587 0.2668 0.1958 0.2772 0.2847 0.3940 0.2076 0.3787 0.3118 0.3299 0.3482 0.5514 0.4407 0.3485 0.2551 0.2604 0.1902 0.2305 0.1733 0.2354 0.2534 0.4525 0.4463 0.2448 0.3109 0.2592 0.2263 0.3222 0.2097 0.6131 0.3132 1.0000 0.3153 0.2133 0.1557 0.1933 0.3741 0.3102 0.2011 0.1511 0.2796 0.0937 0.3705 0.1063 0.2832 0.0804 0.4428 0.2681 0.2124 0.1272 0.3230 0.1416 0.4285 0.2058 0.2733 0.0544 0.1949 0.2718 0.3091 0.2986 0.2326 0.3496 0.0536 0.2207 0.4454 0.3713 0.2468 0.2419 0.4627 0.2187 0.3916 0.1469
0.6484 0.5951 0.5176 0.5448 0.4872 0.4908 0.5803 0.3364 0.2166 0.4874 0.4334 0.4476 0.4253 0.3248 0.2938 0.5302 0.4271 0.5310 0.4411 0.3910 0.3471 0.2544 0.3104 0.4379 0.4069 0.4197 0.3982 0.5215 0.4892 0.5976 0.4732 0.4411 0.2535 0.3153 1.0000 0.8632 0.8189 0.8285 0.8048 0.5693 0.8559 0.7640 0.8466 0.7251 0.6484 0.5298 0.3596 0.3228 0.6337 0.6013 0.5255 0.5036 0.5958 0.5405 0.6294 0.6004 0.5789 0.5524 0.6029 0.6595 0.5243 0.5233 0.4235 0.4960 0.3074 0.3472 0.5342 0.4202 0.5046 0.4300 0.5994 0.4631 0.5754 0.4678
0.6260 0.5789 0.5612 0.5419 0.5357 0.5330 0.5870 0.3828 0.2936 0.5246 0.4926 0.5017 0.4304 0.3204 0.3649 0.5472 0.5520 0.5404 0.4450 0.4496 0.4129 0.2296 0.2818 0.4558 0.5542 0.4575 0.4319 0.5318 0.4959 0.6601 0.6064 0.3938 0.3399 0.2133 0.8632 1.0000 0.8335 0.8497 0.7288 0.6118 0.8437 0.7936 0.8202 0.8124 0.5812 0.5806 0.2596 0.4093 0.6056 0.5991 0.5504 0.5037 0.6143 0.5807 0.5967 0.6199 0.6036 0.6539 0.6360 0.7049 0.5951 0.5297 0.4352 0.5556 0.3075 0.3388 0.5336 0.5750 0.4516 0.6392 0.6015 0.6231 0.6394 0.6618
0.6416 0.6215 0.6115 0.6091 0.5630 0.5710 0.6098 0.3363 0.2452 0.5197 0.4591 0.5090 0.4476 0.2828 0.2564 0.5661 0.4709 0.5823 0.5206 0.5280 0.4975 0.3494 0.3919 0.4642 0.4797 0.5670 0.5077 0.5494 0.5469 0.5969 0.5626 0.3164 0.3596 0.1557 0.8189 0.8335 1.0000 0.9147 0.7239 0.6377 0.9111 0.8613 0.8420 0.8134 0.5069 0.6024 0.3501 0.4554 0.5961 0.6140 0.6327 0.5828 0.6065 0.6103 0.5880 0.5874 0.6379 0.6774 0.7379 0.7219 0.5740 0.5877 0.4754 0.5634 0.3400 0.3191 0.5008 0.4913 0.5038 0.5165 0.6100 0.6281 0.6265 0.6156
0.6543 0.6221 0.5696 0.6338 0.5713 0.5717 0.6642 0.4038 0.3164 0.5370 0.4728 0.5119 0.4352 0.2801 0.2884 0.5238 0.4994 0.5602 0.5114 0.4470 0.4777 0.3074 0.3712 0.4345 0.5019 0.5353 0.4876 0.6099 0.5817 0.6094 0.5718 0.3159 0.2668 0.1933 0.8285 0.8497 0.9147 1.0000 0.6733 0.5765 0.8910 0.9337 0.8272 0.8713 0.5230 0.5936 0.2755 0.3490 0.6065 0.6247 0.5945 0.5802 0.6073 0.6421 0.6048 0.6619 0.5957 0.7253 0.6782 0.7777 0.5427 0.5519 0.4158 0.5869 0.2857 0.3751 0.4888 0.4926 0.4406 0.5272 0.5884 0.5678 0.6161 0.6036
0.6162 0.5071 0.5468 0.5298 0.4219 0.4871 0.5597 0.3354 0.2360 0.4970 0.4052 0.4471 0.3651 0.3389 0.2621 0.5832 0.3937 0.5254 0.4720 0.4349 0.4136 0.3057 0.3310 0.5205 0.4925 0.4570 0.4407 0.5046 0.4740 0.5616 0.4960 0.5028 0.3909 0.3741 0.8048 0.7288 0.7239 0.6733 1.0000 0.6885 0.6816 0.6250 0.7257 0.5800 0.6753 0.5722 0.5813 0.4933 0.5793 0.4747 0.5594 0.4592 0.5350 0.4554 0.5620 0.4656 0.5114 0.4379 0.6072 0.6349 0.4847 0.5814 0.4441 0.5286 0.2943 0.3173 0.4930 0.4884 0.5391 0.4492 0.6788 0.5091 0.6062 0.4201
0.5201 0.4294 0.4975 0.4295 0.3232 0.4682 0.4112 0.3681 0.2264 0.4944 0.4025 0.4871 0.3325 0.3267 0.2708 0.5174 0.3965 0.4373 0.3847 0.4352 0.4252 0.4227 0.4141 0.6130 0.5936 0.4613 0.3853 0.4053 0.3813 0.4884 0.4491 0.3848 0.5448 0.3102 0.5693 0.6118 0.6377 0.5765 0.6885 1.0000 0.5959 0.5584 0.6590 0.5796 0.5009 0.6306 0.3824 0.5313 0.5055 0.4299 0.5148 0.3970 0.4989 0.4335 0.4723 0.4255 0.4781 0.4498 0.5564 0.5688 0.4686 0.6367 0.5144 0.4518 0.2029 0.1614 0.4259 0.5235 0.4534 0.4242 0.6126 0.6864 0.6847 0.7303
0.6689 0.6381 0.5512 0.5747 0.5242 0.5832 0.6055 0.3986 0.2294 0.5496 0.4939 0.5165 0.4957 0.2981 0.2242 0.4948 0.4825 0.5385 0.4480 0.4320 0.3749 0.3372 0.3865 0.4448 0.4536 0.5012 0.4206 0.5216 0.4993 0.5812 0.5180 0.3141 0.2884 0.2011 0.8559 0.8437 0.9111 0.8910 0.6816 0.5959 1.0000 0.8502 0.9302 0.8268 0.5668 0.6229 0.2654 0.2990 0.6426 0.6416 0.5921 0.5613 0.6722 0.6198 0.6626 0.6603 0.6248 0.6588 0.6386 0.6943 0.5443 0.5584 0.4435 0.5302 0.3110 0.2844 0.5090 0.4969 0.4267 0.4922 0.5811 0.5618 0.6116 0.5606
0.5799 0.6169 0.4974 0.5815 0.5191 0.5186 0.6101 0.4030 0.3004 0.5201 0.4573 0.4974 0.4105 0.2590 0.2423 0.4226 0.4418 0.5124 0.4839 0.4059 0.4570 0.3012 0.3636 0.3686 0.4243 0.4669 0.4015 0.6083 0.5879 0.4738 0.4602 0.2350 0.2242 0.1511 0.7640 0.7936 0.8613 0.9337 0.6250 0.5584 0.8502 1.0000 0.7676 0.9135 0.4529 0.6177 0.2497 0.3291 0.5145 0.5890 0.5838 0.5734 0.5234 0.6724 0.5265 0.6671 0.4802 0.7767 0.6371 0.7366 0.4849 0.4918 0.3630 0.5007 0.2503 0.3026 0.4002 0.4174 0.3477 0.4506 0.4808 0.5302 0.5189 0.6017
0.6617 0.6053 0.5374 0.5489 0.4423 0.5528 0.5897 0.3697 0.1716 0.5646 0.4997 0.5328 0.4921 0.3320 0.2273 0.5654 0.4706 0.5236 0.4166 0.4409 0.3698 0.3729 0.3848 0.5019 0.4962 0.4891 0.4213 0.4972 0.4763 0.6592 0.5766 0.4309 0.3672 0.2796 0.8466 0.8202 0.8420 0.8272 0.7257 0.6590 0.9302 0.7676 1.0000 0.7660 0.6771 0.6134 0.3711 0.3180 0.6577 0.6064 0.5595 0.4899 0.6706 0.5655 0.6964 0.6180 0.6690 0.5841 0.6255 0.6897 0.5655 0.6099 0.4724 0.5576 0.2859 0.3039 0.5647 0.5623 0.4611 0.5059 0.6568 0.5714 0.7276 0.5610
0.5123 0.5131 0.4690 0.5024 0.4709 0.5010 0.5427 0.3447 0.2418 0.4416 0.4127 0.4253 0.3411 0.1935 0.1771 0.3500 0.4521 0.4224 0.3864 0.3583 0.4048 0.3299 0.3717 0.3312 0.3737 0.4195 0.3479 0.4473 0.4382 0.4729 0.4668 0.1644 0.2629 0.0937 0.7251 0.8124 0.8134 0.8713 0.5800 0.5796 0.8268 0.9135 0.7660 1.0000 0.4422 0.7312 0.1881 0.3638 0.4621 0.5258 0.4836 0.5076 0.4978 0.6204 0.4552 0.6290 0.4720 0.7494 0.5596 0.6406 0.4459 0.5124 0.3644 0.4147 0.2528 0.1871 0.3194 0.4041 0.3148 0.4665 0.4192 0.5723 0.4785 0.6587
0.5492 0.3824 0.4558 0.4657 0.2504 0.4341 0.5051 0.3166 0.1185 0.3969 0.2853 0.3425 0.2668 0.2600 0.1982 0.4610 0.2966 0.4433 0.3780 0.3808 0.3609 0.3681 0.3484 0.4017 0.3485 0.4126 0.3749 0.4009 0.3589 0.5579 0.4672 0.5043 0.2257 0.3705 0.6484 0.5812 0.5069 0.5230 0.6753 0.5009 0.5668 0.4529 0.6771 0.4422 1.0000 0.5131 0.5724 0.2727 0.5575 0.3552 0.4252 0.3575 0.5245 0.3359 0.5721 0.3361 0.5058 0.2784 0.4516 0.5620 0.4889 0.4429 0.3961 0.3947 0.2530 0.2917 0.5356 0.4323 0.4211 0.3538 0.5462 0.3352 0.6141 0.3285
0.3891 0.3619 0.3919 0.3729 0.2630 0.4097 0.3714 0.2437 0.0610 0.3063 0.2816 0.2871 0.2199 0.0614 0.0188 0.2484 0.3095 0.3078 0.2779 0.2934 0.3238 0.4083 0.4290 0.2766 0.2969 0.3976 0.2954 0.2836 0.2769 0.3414 0.3557 0.1497 0.4404 0.1063 0.5298 0.5806 0.6024 0.5936 0.5722 0.6306 0.6229 0.6177 0.6134 0.7312 0.5131 1.0000 0.2761 0.4899 0.3544 0.3764 0.4008 0.3481 0.3807 0.4460 0.3261 0.4238 0.3574 0.4874 0.4247 0.4551 0.2844 0.3992 0.2991 0.2921 0.2087 0.0323 0.2513 0.3589 0.2597 0.3708 0.3521 0.5108 0.3866 0.5035
0.2936 0.1828 0.3599 0.3057 0.0732 0.2822 0.3016 0.0715 -0.0419 0.2358 0.1068 0.1892 0.1550 0.1495 0.0419 0.4399 0.0974 0.3044 0.3275 0.3229 0.3284 0.2318 0.1742 0.3037 0.2184 0.2924 0.2825 0.2343 0.2586 0.3441 0.3270 0.5792 0.4169 0.2832 0.3596 0.2596 0.3501 0.2755 0.5813 0.3824 0.2654 0.2497 0.3711 0.1881 0.5724 0.2761 1.0000 0.5146 0.2927 0.0794 0.3636 0.2680 0.2524 0.0984 0.3183 0.0491 0.2669 0.0898 0.3765 0.3647 0.2402 0.2776 0.2229 0.3077 0.1579 0.2721 0.3842 0.2903 0.3540 0.2039 0.4614 0.2439 0.3991 0.1548
0.1859 0.2332 0.3605 0.2553 0.2241 0.2163 0.2130 -0.0325 -0.0645 0.1848 0.1665 0.2334 0.0939 0.0335 0.1210 0.3584 0.2618 0.2877 0.2668 0.3411 0.3967 0.1971 0.2027 0.3203 0.3437 0.3031 0.2939 0.2396 0.2784 0.3487 0.4555 0.3396 0.7130 0.0804 0.3228 0.4093 0.4554 0.3490 0.4933 0.5313 0.2990 0.3291 0.3180 0.3638 0.2727 0.4899 0.5146 1.0000 0.1268 0.2017 0.3783 0.2643 0.1342 0.2179 0.1254 0.1756 0.2954 0.3487 0.4898 0.3652 0.2647 0.3713 0.2827 0.2554 0.2325 0.1257 0.2446 0.3071 0.3349 0.3655 0.3289 0.5090 0.3433 0.5058
0.9362 0.6258 0.6578 0.6600 0.4969 0.7235 0.6779 0.6050 0.4279 0.6534 0.5200 0.5684 0.5749 0.5530 0.4562 0.7032 0.4589 0.6515 0.5397 0.5141 0.3939 0.3469 0.3703 0.5866 0.5566 0.5592 0.4958 0.5869 0.5192 0.6344 0.4506 0.4771 0.2741 0.4428 0.6337 0.6056 0.5961 0.6065 0.5793 0.5055 0.6426 0.5145 0.6577 0.4621 0.5575 0.3544 0.2927 0.1268 1.0000 0.6213 0.5349 0.4500 0.8486 0.4898 0.8487 0.5345 0.6392 0.4015 0.5357 0.6582 0.6576 0.5361 0.4971 0.5883 0.3043 0.3745 0.6903 0.5684 0.5893 0.4754 0.7599 0.4927 0.6520 0.3970
0.6311 0.9033 0.4938 0.5723 0.4904 0.4565 0.5447 0.4027 0.3326 0.5523 0.7206 0.5392 0.5818 0.4368 0.4398 0.5102 0.7096 0.7137 0.6038 0.4790 0.3815 0.3236 0.3677 0.4567 0.5838 0.4601 0.4099 0.6864 0.6563 0.5560 0.4876 0.2885 0.2855 0.2681 0.6013 0.5991 0.6140 0.6247 0.4747 0.4299 0.6416 0.5890 0.6064 0.5258 0.3552 0.3764 0.0794 0.2017 0.6213 1.0000 0.6043 0.5506 0.5282 0.7309 0.5901 0.8376 0.5581 0.6595 0.6693 0.7138 0.5380 0.4884 0.4029 0.5415 0.2825 0.3026 0.4709 0.4525 0.4348 0.5220 0.5533 0.5362 0.5303 0.4611
0.5970 0.7143 0.6882 0.6501 0.4531 0.5971 0.6261 0.3844 0.3448 0.5191 0.4492 0.4983 0.4515 0.3607 0.3017 0.5009 0.4043 0.8099 0.7534 0.6007 0.5756 0.2524 0.2849 0.4496 0.4888 0.5110 0.4520 0.6762 0.6507 0.5172 0.4898 0.2977 0.2961 0.2124 0.5255 0.5504 0.6327 0.5945 0.5594 0.5148 0.5921 0.5838 0.5595 0.4836 0.4252 0.4008 0.3636 0.3783 0.5349 0.6043 1.0000 0.7038 0.5976 0.7339 0.5774 0.4686 0.5867 0.6245 0.8282 0.7735 0.5440 0.4849 0.4250 0.5167 0.3040 0.3128 0.5059 0.4682 0.4558 0.3866 0.5509 0.4384 0.5268 0.4208
0.5459 0.5515 0.5053 0.4802 0.4146 0.4872 0.4957 0.3059 0.2260 0.3720 0.3328 0.3437 0.3190 0.1802 0.1374 0.3827 0.4080 0.6208 0.6346 0.2967 0.3566 0.2538 0.2970 0.3178 0.3385 0.3865 0.2894 0.4406 0.4012 0.3413 0.3155 0.1306 0.1211 0.1272 0.5036 0.5037 0.5828 0.5802 0.4592 0.3970 0.5613 0.5734 0.4899 0.5076 0.3575 0.3481 0.2680 0.2643 0.4500 0.5506 0.7038 1.0000 0.4936 0.6186 0.4421 0.4345 0.3323 0.4765 0.6411 0.6674 0.3922 0.3527 0.3279 0.3853 0.2580 0.2365 0.3301 0.3171 0.3565 0.3600 0.3988 0.3793 0.3371 0.3593
0.8368 0.5550 0.7111 0.6680 0.4866 0.8024 0.7111 0.5656 0.4724 0.6681 0.5517 0.5853 0.6154 0.5128 0.4500 0.5822 0.4408 0.6156 0.5164 0.5271 0.3907 0.2566 0.2895 0.5506 0.5750 0.5549 0.4948 0.4813 0.4379 0.6302 0.4669 0.3760 0.2297 0.3230 0.5958 0.6143 0.6065 0.6073 0.5350 0.4989 0.6722 0.5234 0.6706 0.4978 0.5245 0.3807 0.2524 0.1342 0.8486 0.5282 0.5976 0.4936 1.0000 0.5019 0.8286 0.5017 0.7114 0.4089 0.5284 0.6314 0.6591 0.5177 0.4933 0.5911 0.3298 0.3841 0.6358 0.5565 0.5085 0.4356 0.6718 0.4605 0.6466 0.4166
0.5282 0.7729 0.4695 0.5597 0.5304 0.4273 0.5822 0.3870 0.3796 0.4623 0.4921 0.4387 0.4577 0.3361 0.3169 0.3898 0.3927 0.7077 0.6160 0.4429 0.4325 0.1776 0.2685 0.3671 0.4185 0.3793 0.3362 0.6782 0.6716 0.4600 0.4329 0.1818 0.2292 0.1416 0.5405 0.5807 0.6103 0.6421 0.4554 0.4335 0.6198 0.6724 0.5655 0.6204 0.3359 0.4460 0.0984 0.2179 0.4898 0.7309 0.7339 0.6186 0.5019 1.0000 0.5112 0.6502 0.4705 0.7924 0.7061 0.7251 0.4913 0.4742 0.3874 0.4419 0.2769 0.2092 0.4157 0.4093 0.3650 0.3584 0.4379 0.4775 0.4249 0.5064
0.8129 0.6487 0.6459 0.6866 0.4689 0.7133 0.7203 0.5789 0.4063 0.7423 0.5825 0.6018 0.6116 0.5793 0.4761 0.7160 0.4725 0.6652 0.5626 0.5554 0.4127 0.3073 0.3435 0.6552 0.6047 0.5867 0.5606 0.6525 0.6290 0.6301 0.4710 0.4871 0.2582 0.4285 0.6294 0.5967 0.5880 0.6048 0.5620 0.4723 0.6626 0.5265 0.6964 0.4552 0.5721 0.3261 0.3183 0.1254 0.8487 0.5901 0.5774 0.4421 0.8286 0.5112 1.0000 0.5568 0.6696 0.4252 0.5608 0.6873 0.6756 0.5318 0.5180 0.6272 0.3202 0.4252 0.6913 0.5687 0.5708 0.4865 0.7855 0.4741 0.7152 0.3881
0.5844 0.7615 0.4113 0.5147 0.4442 0.4562 0.5436 0.4137 0.2994 0.5916 0.7650 0.5713 0.5648 0.3940 0.3716 0.4434 0.7366 0.5061 0.4143 0.3736 0.3648 0.2706 0.3100 0.4287 0.5649 0.4374 0.3993 0.6259 0.6216 0.5162 0.4846 0.2222 0.1960 0.2058 0.6004 0.6199 0.5874 0.6619 0.4656 0.4255 0.6603 0.6671 0.6180 0.6290 0.3361 0.4238 0.0491 0.1756 0.5345 0.8376 0.4686 0.4345 0.5017 0.6502 0.5568 1.0000 0.4608 0.7010 0.5233 0.6550 0.5105 0.5006 0.3841 0.4972 0.2699 0.2836 0.4133 0.4079 0.3864 0.4972 0.4891 0.5019 0.4950 0.4745
0.6305 0.5314 0.7248 0.6564 0.4090 0.6382 0.6134 0.3609 0.3406 0.5470 0.5233 0.5683 0.5236 0.4926 0.4853 0.5698 0.4460 0.5813 0.4202 0.7484 0.5902 0.2578 0.2370 0.5196 0.5874 0.5837 0.5859 0.5600 0.5408 0.7826 0.6785 0.4815 0.3978 0.2733 0.5789 0.6036 0.6379 0.5957 0.5114 0.4781 0.6248 0.4802 0.6690 0.4720 0.5058 0.3574 0.2669 0.2954 0.6392 0.5581 0.5867 0.3323 0.7114 0.4705 0.6696 0.4608 1.0000 0.5560 0.7318 0.7079 0.6807 0.5886 0.5014 0.5853 0.3611 0.3905 0.6277 0.5606 0.5029 0.4357 0.6265 0.4609 0.7444 0.4732
0.4580 0.6835 0.4737 0.5754 0.5347 0.4085 0.5662 0.2949 0.3301 0.4404 0.5208 0.4669 0.4860 0.2811 0.3294 0.3696 0.4337 0.5562 0.4363 0.5292 0.5300 0.2022 0.2623 0.3436 0.4428 0.4181 0.4022 0.6950 0.7085 0.5438 0.5889 0.1974 0.2954 0.0544 0.5524 0.6539 0.6774 0.7253 0.4379 0.4498 0.6588 0.7767 0.5841 0.7494 0.2784 0.4874 0.0898 0.3487 0.4015 0.6595 0.6245 0.4765 0.4089 0.7924 0.4252 0.7010 0.5560 1.0000 0.7481 0.7690 0.5146 0.5404 0.3839 0.4753 0.3038 0.2487 0.3966 0.4205 0.3264 0.3962 0.3951 0.5453 0.4733 0.6389
0.5779 0.7044 0.7151 0.6908 0.4880 0.5522 0.6386 0.3097 0.3040 0.4824 0.4685 0.4864 0.4565 0.3427 0.3544 0.5816 0.4289 0.7572 0.6447 0.7246 0.6425 0.2956 0.3155 0.4985 0.5290 0.5600 0.5426 0.7574 0.7535 0.7006 0.6844 0.4025 0.4479 0.1949 0.6029 0.6360 0.7379 0.6782 0.6072 0.5564 0.6386 0.6371 0.6255 0.5596 0.4516 0.4247 0.3765 0.4898 0.5357 0.6693 0.8282 0.6411 0.5284 0.7061 0.5608 0.5233 0.7318 0.7481 1.0000 0.8871 0.6205 0.6111 0.4966 0.5630 0.3789 0.3502 0.5673 0.5385 0.5124 0.4532 0.5893 0.5703 0.6127 0.5586
0.7021 0.7393 0.7003 0.7536 0.5290 0.6319 0.7351 0.4575 0.3933 0.5924 0.5652 0.5646 0.5219 0.3972 0.4108 0.5961 0.5474 0.7503 0.6715 0.6709 0.6648 0.3309 0.3574 0.5093 0.6176 0.6095 0.5714 0.8301 0.7905 0.7516 0.7187 0.4239 0.3556 0.2718 0.6595 0.7049 0.7219 0.7777 0.6349 0.5688 0.6943 0.7366 0.6897 0.6406 0.5620 0.4551 0.3647 0.3652 0.6582 0.7138 0.7735 0.6674 0.6314 0.7251 0.6873 0.6550 0.7079 0.7690 0.8871 1.0000 0.6876 0.6237 0.4856 0.6458 0.3447 0.4202 0.6373 0.6159 0.4990 0.5457 0.6648 0.5701 0.7094 0.5860
0.6938 0.5720 0.6939 0.6966 0.5234 0.6786 0.6732 0.5705 0.3711 0.6229 0.5752 0.6413 0.5462 0.5204 0.5060 0.5915 0.4872 0.6159 0.5170 0.6514 0.6105 0.3887 0.4150 0.6441 0.5507 0.6824 0.6714 0.6072 0.5866 0.6745 0.5924 0.4369 0.2905 0.3091 0.5243 0.5951 0.5740 0.5427 0.4847 0.4686 0.5443 0.4849 0.5655 0.4459 0.4889 0.2844 0.2402 0.2647 0.6576 0.5380 0.5440 0.3922 0.6591 0.4913 0.6756 0.5105 0.6807 0.5146 0.6205 0.6876 1.0000 0.7126 0.7050 0.4808 0.5350 0.2998 0.7542 0.5159 0.5808 0.4288 0.5932 0.4562 0.6973 0.4777
0.5806 0.5122 0.5823 0.5646 0.4342 0.5464 0.5959 0.4440 0.3600 0.5466 0.5618 0.5748 0.5116 0.4562 0.4207 0.5547 0.4445 0.4978 0.3910 0.5395 0.5070 0.4128 0.4105 0.7193 0.5448 0.5287 0.5143 0.5108 0.5134 0.6365 0.5900 0.3702 0.4071 0.2986 0.5233 0.5297 0.5877 0.5519 0.5814 0.6367 0.5584 0.4918 0.6099 0.5124 0.4429 0.3992 0.2776 0.3713 0.5361 0.4884 0.4849 0.3527 0.5177 0.4742 0.5318 0.5006 0.5886 0.5404 0.6111 0.6237 0.7126 1.0000 0.7420 0.3964 0.5020 0.1024 0.5489 0.4384 0.5542 0.3209 0.5719 0.5267 0.6220 0.5210
0.5166 0.4297 0.4992 0.4840 0.3453 0.4862 0.4873 0.4638 0.2998 0.5510 0.4599 0.5753 0.4171 0.4610 0.4009 0.5546 0.3519 0.4482 0.3726 0.4545 0.3877 0.3437 0.3613 0.8336 0.4440 0.5026 0.4688 0.4497 0.4489 0.4772 0.4255 0.3398 0.3247 0.2326 0.4235 0.4352 0.4754 0.4158 0.4441 0.5144 0.4435 0.3630 0.4724 0.3644 0.3961 0.2991 0.2229 0.2827 0.4971 0.4029 0.4250 0.3279 0.4933 0.3874 0.5180 0.3841 0.5014 0.3839 0.4966 0.4856 0.7050 0.7420 1.0000 0.2016 0.8458 -0.0278 0.5728 0.2798 0.5677 0.2317 0.4775 0.4275 0.5482 0.4304
0.6102 0.5609 0.6016 0.6032 0.5204 0.5667 0.5767 0.3480 0.3579 0.5805 0.5688 0.5463 0.6104 0.4026 0.4301 0.6036 0.5126 0.5866 0.4783 0.5886 0.5084 0.2348 0.2665 0.3879 0.7605 0.5887 0.5604 0.5636 0.5587 0.6175 0.6176 0.4092 0.3812 0.3496 0.4960 0.5556 0.5634 0.5869 0.5286 0.4518 0.5302 0.5007 0.5576 0.4147 0.3947 0.2921 0.3077 0.2554 0.5883 0.5415 0.5167 0.3853 0.5911 0.4419 0.6272 0.4972 0.5853 0.4753 0.5630 0.6458 0.4808 0.3964 0.2016 1.0000 0.0081 0.7531 0.5496 0.7453 0.3871 0.6451 0.7167 0.5922 0.6603 0.4946
0.3458 0.2967 0.3690 0.3510 0.2119 0.3458 0.3291 0.2838 0.1586 0.3523 0.3184 0.4142 0.3011 0.2921 0.2428 0.3391 0.2428 0.3259 0.2727 0.3323 0.2759 0.1702 0.1815 0.5825 0.2273 0.3686 0.3105 0.3050 0.3111 0.3232 0.3228 0.1669 0.2116 0.0536 0.3074 0.3075 0.3400 0.2857 0.2943 0.2029 0.3110 0.2503 0.2859 0.2528 0.2530 0.2087 0.1579 0.2325 0.3043 0.2825 0.3040 0.2580 0.3298 0.2769 0.3202 0.2699 0.3611 0.3038 0.3789 0.3447 0.5350 0.5020 0.8458 0.0081 1.0000 -0.1420 0.4795 0.1360 0.3504 0.1356 0.2329 0.2225 0.2835 0.2059
0.3912 0.3294 0.3711 0.4052 0.3475 0.3206 0.3711 0.1772 0.2063 0.3447 0.2901 0.2920 0.3398 0.2167 0.2829 0.3836 0.2721 0.3995 0.3613 0.3688 0.3201 0.0366 0.0681 0.1251 0.4281 0.3469 0.3685 0.4012 0.3959 0.4505 0.4317 0.3580 0.1605 0.2207 0.3472 0.3388 0.3191 0.3751 0.3173 0.1614 0.2844 0.3026 0.3039 0.1871 0.2917 0.0323 0.2721 0.1257 0.3745 0.3026 0.3128 0.2365 0.3841 0.2092 0.4252 0.2836 0.3905 0.2487 0.3502 0.4202 0.2998 0.1024 -0.0278 0.7531 -0.1420 1.0000 0.3820 0.4427 0.2715 0.3309 0.4578 0.2537 0.4238 0.1876
0.6770 0.5158 0.6350 0.5968 0.3789 0.6066 0.5705 0.4594 0.2930 0.5874 0.4749 0.6184 0.5832 0.5187 0.4755 0.5997 0.3804 0.5722 0.4516 0.5968 0.4798 0.2301 0.2577 0.6169 0.5743 0.6077 0.5715 0.5639 0.5308 0.6895 0.6089 0.5858 0.4130 0.4454 0.5342 0.5336 0.5008 0.4888 0.4930 0.4259 0.5090 0.4002 0.5647 0.3194 0.5356 0.2513 0.3842 0.2446 0.6903 0.4709 0.5059 0.3301 0.6358 0.4157 0.6913 0.4133 0.6277 0.3966 0.5673 0.6373 0.7542 0.5489 0.5728 0.5496 0.4795 0.3820 1.0000 0.6663 0.4526 0.4475 0.6044 0.4496 0.6564 0.4007
0.5525 0.4623 0.5597 0.4775 0.3543 0.5260 0.4967 0.3206 0.2749 0.5452 0.4773 0.5329 0.5346 0.3757 0.3708 0.5717 0.4585 0.4971 0.3704 0.5532 0.4531 0.2386 0.2281 0.4611 0.7296 0.5532 0.4989 0.4661 0.4529 0.6473 0.6733 0.4171 0.5593 0.3713 0.4202 0.5750 0.4913 0.4926 0.4884 0.5235 0.4969 0.4174 0.5623 0.4041 0.4323 0.3589 0.2903 0.3071 0.5684 0.4525 0.4682 0.3171 0.5565 0.4093 0.5687 0.4079 0.5606 0.4205 0.5385 0.6159 0.5159 0.4384 0.2798 0.7453 0.1360 0.4427 0.6663 1.0000 0.2395 0.7575 0.6572 0.6815 0.6533 0.5618
0.6103 0.4644 0.5232 0.5422 0.3832 0.4849 0.5268 0.3120 0.1978 0.5270 0.4164 0.4143 0.3494 0.3516 0.3110 0.7670 0.3748 0.5242 0.4680 0.4506 0.4355 0.2468 0.2698 0.6276 0.4118 0.4727 0.5298 0.5152 0.5151 0.4662 0.3774 0.4270 0.2799 0.2468 0.5046 0.4516 0.5038 0.4406 0.5391 0.4534 0.4267 0.3477 0.4611 0.3148 0.4211 0.2597 0.3540 0.3349 0.5893 0.4348 0.4558 0.3565 0.5085 0.3650 0.5708 0.3864 0.5029 0.3264 0.5124 0.4990 0.5808 0.5542 0.5677 0.3871 0.3504 0.2715 0.4526 0.2395 1.0000 0.3253 0.7243 0.4261 0.5895 0.3436
0.4833 0.4785 0.4668 0.4087 0.3579 0.4447 0.4281 0.2716 0.1658 0.5235 0.5072 0.4873 0.4041 0.2870 0.3208 0.5824 0.6701 0.4270 0.3842 0.4124 0.3909 0.2383 0.2461 0.4156 0.7036 0.4934 0.4777 0.4227 0.4235 0.5305 0.5824 0.3066 0.4342 0.2419 0.4300 0.6392 0.5165 0.5272 0.4492 0.4242 0.4922 0.4506 0.5059 0.4665 0.3538 0.3708 0.2039 0.3655 0.4754 0.5220 0.3866 0.3600 0.4356 0.3584 0.4865 0.4972 0.4357 0.3962 0.4532 0.5457 0.4288 0.3209 0.2317 0.6451 0.1356 0.3309 0.4475 0.7575 0.3253 1.0000 0.6208 0.7534 0.5762 0.5930
0.7336 0.5873 0.6050 0.6064 0.4226 0.5851 0.6210 0.4203 0.2902 0.6942 0.5681 0.5848 0.5336 0.5273 0.4047 0.8342 0.5180 0.6220 0.5412 0.5634 0.4706 0.3253 0.3186 0.6830 0.7130 0.5931 0.5825 0.6181 0.6061 0.6367 0.5416 0.5551 0.4636 0.4627 0.5994 0.6015 0.6100 0.5884 0.6788 0.6126 0.5811 0.4808 0.6568 0.4192 0.5462 0.3521 0.4614 0.3289 0.7599 0.5533 0.5509 0.3988 0.6718 0.4379 0.7855 0.4891 0.6265 0.3951 0.5893 0.6648 0.5932 0.5719 0.4775 0.7167 0.2329 0.4578 0.6044 0.6572 0.7243 0.6208 1.0000 0.6275 0.8289 0.4879
0.4967 0.5412 0.4829 0.3912 0.4466 0.4362 0.4202 0.2633 0.2227 0.5218 0.4651 0.5044 0.4627 0.2792 0.3346 0.5948 0.4921 0.4701 0.3887 0.4697 0.3727 0.3663 0.3982 0.5522 0.6539 0.4975 0.4615 0.4366 0.4710 0.5651 0.6143 0.2997 0.5994 0.2187 0.4631 0.6231 0.6281 0.5678 0.5091 0.6864 0.5618 0.5302 0.5714 0.5723 0.3352 0.5108 0.2439 0.5090 0.4927 0.5362 0.4384 0.3793 0.4605 0.4775 0.4741 0.5019 0.4609 0.5453 0.5703 0.5701 0.4562 0.5267 0.4275 0.5922 0.2225 0.2537 0.4496 0.6815 0.4261 0.7534 0.6275 1.0000 0.6236 0.8524
0.6439 0.5411 0.6159 0.5953 0.3514 0.5696 0.5711 0.3998 0.2599 0.6463 0.5623 0.6125 0.4962 0.4653 0.4203 0.6799 0.5154 0.5806 0.4886 0.6313 0.5442 0.3777 0.3385 0.6446 0.7230 0.6253 0.5946 0.5988 0.5678 0.7220 0.6534 0.5713 0.4760 0.3916 0.5754 0.6394 0.6265 0.6161 0.6062 0.6847 0.6116 0.5189 0.7276 0.4785 0.6141 0.3866 0.3991 0.3433 0.6520 0.5303 0.5268 0.3371 0.6466 0.4249 0.7152 0.4950 0.7444 0.4733 0.6127 0.7094 0.6973 0.6220 0.5482 0.6603 0.2835 0.4238 0.6564 0.6533 0.5895 0.5762 0.8289 0.6236 1.0000 0.6260
0.4087 0.4594 0.4605 0.3858 0.4521 0.4031 0.3667 0.2762 0.2641 0.4393 0.3838 0.4729 0.3477 0.2592 0.3578 0.4427 0.4133 0.4177 0.3491 0.4713 0.4516 0.2956 0.3377 0.4759 0.5966 0.4194 0.3651 0.4213 0.4339 0.5295 0.5795 0.2863 0.4998 0.1469 0.4678 0.6618 0.6156 0.6036 0.4201 0.7303 0.5606 0.6017 0.5610 0.6587 0.3285 0.5035 0.1548 0.5058 0.3970 0.4611 0.4208 0.3593 0.4166 0.5064 0.3881 0.4745 0.4732 0.6389 0.5586 0.5860 0.4777 0.5210 0.4304 0.4946 0.2059 0.1876 0.4007 0.5618 0.3436 0.5930 0.4879 0.8524 0.6260 1.0000
